# Athena++ data at time=2.500000e-01  cycle=701  variables=prim 
# i       x1v         rho          press          vel1         vel2         vel3     
0002 -4.99512e-01  1.00000e+00  1.00000e+00  2.28734e-17  0.00000e+00  0.00000e+00
0003 -4.98535e-01  1.00000e+00  1.00000e+00 -4.22212e-22  0.00000e+00  0.00000e+00
0004 -4.97559e-01  1.00000e+00  1.00000e+00 -4.00842e-22  0.00000e+00  0.00000e+00
0005 -4.96582e-01  1.00000e+00  1.00000e+00 -3.70147e-22  0.00000e+00  0.00000e+00
0006 -4.95605e-01  1.00000e+00  1.00000e+00 -4.30255e-22  0.00000e+00  0.00000e+00
0007 -4.94629e-01  1.00000e+00  1.00000e+00 -3.92358e-22  0.00000e+00  0.00000e+00
0008 -4.93652e-01  1.00000e+00  1.00000e+00 -3.70784e-22  0.00000e+00  0.00000e+00
0009 -4.92676e-01  1.00000e+00  1.00000e+00 -4.34185e-22  0.00000e+00  0.00000e+00
0010 -4.91699e-01  1.00000e+00  1.00000e+00 -3.86132e-22  0.00000e+00  0.00000e+00
0011 -4.90723e-01  1.00000e+00  1.00000e+00 -3.71266e-22  0.00000e+00  0.00000e+00
0012 -4.89746e-01  1.00000e+00  1.00000e+00 -4.37937e-22  0.00000e+00  0.00000e+00
0013 -4.88770e-01  1.00000e+00  1.00000e+00 -3.81491e-22  0.00000e+00  0.00000e+00
0014 -4.87793e-01  1.00000e+00  1.00000e+00 -3.86048e-22  0.00000e+00  0.00000e+00
0015 -4.86816e-01  1.00000e+00  1.00000e+00 -4.43048e-22  0.00000e+00  0.00000e+00
0016 -4.85840e-01  1.00000e+00  1.00000e+00 -3.78041e-22  0.00000e+00  0.00000e+00
0017 -4.84863e-01  1.00000e+00  1.00000e+00 -4.09545e-22  0.00000e+00  0.00000e+00
0018 -4.83887e-01  1.00000e+00  1.00000e+00 -4.44834e-22  0.00000e+00  0.00000e+00
0019 -4.82910e-01  1.00000e+00  1.00000e+00 -3.78958e-22  0.00000e+00  0.00000e+00
0020 -4.81934e-01  1.00000e+00  1.00000e+00 -4.33556e-22  0.00000e+00  0.00000e+00
0021 -4.80957e-01  1.00000e+00  1.00000e+00 -4.46105e-22  0.00000e+00  0.00000e+00
0022 -4.79980e-01  1.00000e+00  1.00000e+00 -3.82267e-22  0.00000e+00  0.00000e+00
0023 -4.79004e-01  1.00000e+00  1.00000e+00 -4.43719e-22  0.00000e+00  0.00000e+00
0024 -4.78027e-01  1.00000e+00  1.00000e+00 -4.45885e-22  0.00000e+00  0.00000e+00
0025 -4.77051e-01  1.00000e+00  1.00000e+00 -3.81936e-22  0.00000e+00  0.00000e+00
0026 -4.76074e-01  1.00000e+00  1.00000e+00 -4.46913e-22  0.00000e+00  0.00000e+00
0027 -4.75098e-01  1.00000e+00  1.00000e+00 -4.45821e-22  0.00000e+00  0.00000e+00
0028 -4.74121e-01  1.00000e+00  1.00000e+00 -3.87116e-22  0.00000e+00  0.00000e+00
0029 -4.73145e-01  1.00000e+00  1.00000e+00 -4.49147e-22  0.00000e+00  0.00000e+00
0030 -4.72168e-01  1.00000e+00  1.00000e+00 -4.43546e-22  0.00000e+00  0.00000e+00
0031 -4.71191e-01  1.00000e+00  1.00000e+00 -3.93658e-22  0.00000e+00  0.00000e+00
0032 -4.70215e-01  1.00000e+00  1.00000e+00 -4.55698e-22  0.00000e+00  0.00000e+00
0033 -4.69238e-01  1.00000e+00  1.00000e+00 -4.36672e-22  0.00000e+00  0.00000e+00
0034 -4.68262e-01  1.00000e+00  1.00000e+00 -3.99774e-22  0.00000e+00  0.00000e+00
0035 -4.67285e-01  1.00000e+00  1.00000e+00 -4.63855e-22  0.00000e+00  0.00000e+00
0036 -4.66309e-01  1.00000e+00  1.00000e+00 -4.27707e-22  0.00000e+00  0.00000e+00
0037 -4.65332e-01  1.00000e+00  1.00000e+00 -4.01340e-22  0.00000e+00  0.00000e+00
0038 -4.64355e-01  1.00000e+00  1.00000e+00 -4.69221e-22  0.00000e+00  0.00000e+00
0039 -4.63379e-01  1.00000e+00  1.00000e+00 -4.19046e-22  0.00000e+00  0.00000e+00
0040 -4.62402e-01  1.00000e+00  1.00000e+00 -4.01407e-22  0.00000e+00  0.00000e+00
0041 -4.61426e-01  1.00000e+00  1.00000e+00 -4.73238e-22  0.00000e+00  0.00000e+00
0042 -4.60449e-01  1.00000e+00  1.00000e+00 -4.13724e-22  0.00000e+00  0.00000e+00
0043 -4.59473e-01  1.00000e+00  1.00000e+00 -4.11180e-22  0.00000e+00  0.00000e+00
0044 -4.58496e-01  1.00000e+00  1.00000e+00 -4.79333e-22  0.00000e+00  0.00000e+00
0045 -4.57520e-01  1.00000e+00  1.00000e+00 -4.10057e-22  0.00000e+00  0.00000e+00
0046 -4.56543e-01  1.00000e+00  1.00000e+00 -4.36709e-22  0.00000e+00  0.00000e+00
0047 -4.55566e-01  1.00000e+00  1.00000e+00 -4.81566e-22  0.00000e+00  0.00000e+00
0048 -4.54590e-01  1.00000e+00  1.00000e+00 -4.09778e-22  0.00000e+00  0.00000e+00
0049 -4.53613e-01  1.00000e+00  1.00000e+00 -4.64297e-22  0.00000e+00  0.00000e+00
0050 -4.52637e-01  1.00000e+00  1.00000e+00 -4.82558e-22  0.00000e+00  0.00000e+00
0051 -4.51660e-01  1.00000e+00  1.00000e+00 -4.13070e-22  0.00000e+00  0.00000e+00
0052 -4.50684e-01  1.00000e+00  1.00000e+00 -4.82085e-22  0.00000e+00  0.00000e+00
0053 -4.49707e-01  1.00000e+00  1.00000e+00 -4.82315e-22  0.00000e+00  0.00000e+00
0054 -4.48730e-01  1.00000e+00  1.00000e+00 -4.13033e-22  0.00000e+00  0.00000e+00
0055 -4.47754e-01  1.00000e+00  1.00000e+00 -4.86425e-22  0.00000e+00  0.00000e+00
0056 -4.46777e-01  1.00000e+00  1.00000e+00 -4.83539e-22  0.00000e+00  0.00000e+00
0057 -4.45801e-01  1.00000e+00  1.00000e+00 -4.19397e-22  0.00000e+00  0.00000e+00
0058 -4.44824e-01  1.00000e+00  1.00000e+00 -4.88605e-22  0.00000e+00  0.00000e+00
0059 -4.43848e-01  1.00000e+00  1.00000e+00 -4.82048e-22  0.00000e+00  0.00000e+00
0060 -4.42871e-01  1.00000e+00  1.00000e+00 -4.27951e-22  0.00000e+00  0.00000e+00
0061 -4.41895e-01  1.00000e+00  1.00000e+00 -4.95788e-22  0.00000e+00  0.00000e+00
0062 -4.40918e-01  1.00000e+00  1.00000e+00 -4.75997e-22  0.00000e+00  0.00000e+00
0063 -4.39941e-01  1.00000e+00  1.00000e+00 -4.35430e-22  0.00000e+00  0.00000e+00
0064 -4.38965e-01  1.00000e+00  1.00000e+00 -5.05990e-22  0.00000e+00  0.00000e+00
0065 -4.37988e-01  1.00000e+00  1.00000e+00 -4.66763e-22  0.00000e+00  0.00000e+00
0066 -4.37012e-01  1.00000e+00  1.00000e+00 -4.37751e-22  0.00000e+00  0.00000e+00
0067 -4.36035e-01  1.00000e+00  1.00000e+00 -5.12789e-22  0.00000e+00  0.00000e+00
0068 -4.35059e-01  1.00000e+00  1.00000e+00 -4.57231e-22  0.00000e+00  0.00000e+00
0069 -4.34082e-01  1.00000e+00  1.00000e+00 -4.37765e-22  0.00000e+00  0.00000e+00
0070 -4.33105e-01  1.00000e+00  1.00000e+00 -5.17040e-22  0.00000e+00  0.00000e+00
0071 -4.32129e-01  1.00000e+00  1.00000e+00 -4.50925e-22  0.00000e+00  0.00000e+00
0072 -4.31152e-01  1.00000e+00  1.00000e+00 -4.49117e-22  0.00000e+00  0.00000e+00
0073 -4.30176e-01  1.00000e+00  1.00000e+00 -5.22851e-22  0.00000e+00  0.00000e+00
0074 -4.29199e-01  1.00000e+00  1.00000e+00 -4.45924e-22  0.00000e+00  0.00000e+00
0075 -4.28223e-01  1.00000e+00  1.00000e+00 -4.74564e-22  0.00000e+00  0.00000e+00
0076 -4.27246e-01  1.00000e+00  1.00000e+00 -5.23306e-22  0.00000e+00  0.00000e+00
0077 -4.26270e-01  1.00000e+00  1.00000e+00 -4.45921e-22  0.00000e+00  0.00000e+00
0078 -4.25293e-01  1.00000e+00  1.00000e+00 -5.02528e-22  0.00000e+00  0.00000e+00
0079 -4.24316e-01  1.00000e+00  1.00000e+00 -5.21818e-22  0.00000e+00  0.00000e+00
0080 -4.23340e-01  1.00000e+00  1.00000e+00 -4.46594e-22  0.00000e+00  0.00000e+00
0081 -4.22363e-01  1.00000e+00  1.00000e+00 -5.23745e-22  0.00000e+00  0.00000e+00
0082 -4.21387e-01  1.00000e+00  1.00000e+00 -5.23608e-22  0.00000e+00  0.00000e+00
0083 -4.20410e-01  1.00000e+00  1.00000e+00 -4.47585e-22  0.00000e+00  0.00000e+00
0084 -4.19434e-01  1.00000e+00  1.00000e+00 -5.33009e-22  0.00000e+00  0.00000e+00
0085 -4.18457e-01  1.00000e+00  1.00000e+00 -5.26321e-22  0.00000e+00  0.00000e+00
0086 -4.17480e-01  1.00000e+00  1.00000e+00 -4.57805e-22  0.00000e+00  0.00000e+00
0087 -4.16504e-01  1.00000e+00  1.00000e+00 -5.37607e-22  0.00000e+00  0.00000e+00
0088 -4.15527e-01  1.00000e+00  1.00000e+00 -5.26608e-22  0.00000e+00  0.00000e+00
0089 -4.14551e-01  1.00000e+00  1.00000e+00 -4.70080e-22  0.00000e+00  0.00000e+00
0090 -4.13574e-01  1.00000e+00  1.00000e+00 -5.45246e-22  0.00000e+00  0.00000e+00
0091 -4.12598e-01  1.00000e+00  1.00000e+00 -5.18583e-22  0.00000e+00  0.00000e+00
0092 -4.11621e-01  1.00000e+00  1.00000e+00 -4.76717e-22  0.00000e+00  0.00000e+00
0093 -4.10645e-01  1.00000e+00  1.00000e+00 -5.55351e-22  0.00000e+00  0.00000e+00
0094 -4.09668e-01  1.00000e+00  1.00000e+00 -5.06476e-22  0.00000e+00  0.00000e+00
0095 -4.08691e-01  1.00000e+00  1.00000e+00 -4.77623e-22  0.00000e+00  0.00000e+00
0096 -4.07715e-01  1.00000e+00  1.00000e+00 -5.60928e-22  0.00000e+00  0.00000e+00
0097 -4.06738e-01  1.00000e+00  1.00000e+00 -4.96608e-22  0.00000e+00  0.00000e+00
0098 -4.05762e-01  1.00000e+00  1.00000e+00 -4.80496e-22  0.00000e+00  0.00000e+00
0099 -4.04785e-01  1.00000e+00  1.00000e+00 -5.66285e-22  0.00000e+00  0.00000e+00
0100 -4.03809e-01  1.00000e+00  1.00000e+00 -4.90119e-22  0.00000e+00  0.00000e+00
0101 -4.02832e-01  1.00000e+00  1.00000e+00 -4.98051e-22  0.00000e+00  0.00000e+00
0102 -4.01855e-01  1.00000e+00  1.00000e+00 -5.72402e-22  0.00000e+00  0.00000e+00
0103 -4.00879e-01  1.00000e+00  1.00000e+00 -4.86526e-22  0.00000e+00  0.00000e+00
0104 -3.99902e-01  1.00000e+00  1.00000e+00 -5.26753e-22  0.00000e+00  0.00000e+00
0105 -3.98926e-01  1.00000e+00  1.00000e+00 -5.71450e-22  0.00000e+00  0.00000e+00
0106 -3.97949e-01  1.00000e+00  1.00000e+00 -4.88137e-22  0.00000e+00  0.00000e+00
0107 -3.96973e-01  1.00000e+00  1.00000e+00 -5.54866e-22  0.00000e+00  0.00000e+00
0108 -3.95996e-01  1.00000e+00  1.00000e+00 -5.68638e-22  0.00000e+00  0.00000e+00
0109 -3.95020e-01  1.00000e+00  1.00000e+00 -4.86622e-22  0.00000e+00  0.00000e+00
0110 -3.94043e-01  1.00000e+00  1.00000e+00 -5.76150e-22  0.00000e+00  0.00000e+00
0111 -3.93066e-01  1.00000e+00  1.00000e+00 -5.72296e-22  0.00000e+00  0.00000e+00
0112 -3.92090e-01  1.00000e+00  1.00000e+00 -4.90465e-22  0.00000e+00  0.00000e+00
0113 -3.91113e-01  1.00000e+00  1.00000e+00 -5.87767e-22  0.00000e+00  0.00000e+00
0114 -3.90137e-01  1.00000e+00  1.00000e+00 -5.75330e-22  0.00000e+00  0.00000e+00
0115 -3.89160e-01  1.00000e+00  1.00000e+00 -5.06016e-22  0.00000e+00  0.00000e+00
0116 -3.88184e-01  1.00000e+00  1.00000e+00 -5.94122e-22  0.00000e+00  0.00000e+00
0117 -3.87207e-01  1.00000e+00  1.00000e+00 -5.74579e-22  0.00000e+00  0.00000e+00
0118 -3.86230e-01  1.00000e+00  1.00000e+00 -5.20624e-22  0.00000e+00  0.00000e+00
0119 -3.85254e-01  1.00000e+00  1.00000e+00 -6.04764e-22  0.00000e+00  0.00000e+00
0120 -3.84277e-01  1.00000e+00  1.00000e+00 -5.63965e-22  0.00000e+00  0.00000e+00
0121 -3.83301e-01  1.00000e+00  1.00000e+00 -5.25113e-22  0.00000e+00  0.00000e+00
0122 -3.82324e-01  1.00000e+00  1.00000e+00 -6.15371e-22  0.00000e+00  0.00000e+00
0123 -3.81348e-01  1.00000e+00  1.00000e+00 -5.49883e-22  0.00000e+00  0.00000e+00
0124 -3.80371e-01  1.00000e+00  1.00000e+00 -5.24654e-22  0.00000e+00  0.00000e+00
0125 -3.79395e-01  1.00000e+00  1.00000e+00 -6.20678e-22  0.00000e+00  0.00000e+00
0126 -3.78418e-01  1.00000e+00  1.00000e+00 -5.41632e-22  0.00000e+00  0.00000e+00
0127 -3.77441e-01  1.00000e+00  1.00000e+00 -5.40847e-22  0.00000e+00  0.00000e+00
0128 -3.76465e-01  1.00000e+00  1.00000e+00 -6.28038e-22  0.00000e+00  0.00000e+00
0129 -3.75488e-01  1.00000e+00  1.00000e+00 -5.34923e-22  0.00000e+00  0.00000e+00
0130 -3.74512e-01  1.00000e+00  1.00000e+00 -5.64662e-22  0.00000e+00  0.00000e+00
0131 -3.73535e-01  1.00000e+00  1.00000e+00 -6.27721e-22  0.00000e+00  0.00000e+00
0132 -3.72559e-01  1.00000e+00  1.00000e+00 -5.36084e-22  0.00000e+00  0.00000e+00
0133 -3.71582e-01  1.00000e+00  1.00000e+00 -5.92313e-22  0.00000e+00  0.00000e+00
0134 -3.70605e-01  1.00000e+00  1.00000e+00 -6.20476e-22  0.00000e+00  0.00000e+00
0135 -3.69629e-01  1.00000e+00  1.00000e+00 -5.30935e-22  0.00000e+00  0.00000e+00
0136 -3.68652e-01  1.00000e+00  1.00000e+00 -6.17426e-22  0.00000e+00  0.00000e+00
0137 -3.67676e-01  1.00000e+00  1.00000e+00 -6.23079e-22  0.00000e+00  0.00000e+00
0138 -3.66699e-01  1.00000e+00  1.00000e+00 -5.30870e-22  0.00000e+00  0.00000e+00
0139 -3.65723e-01  1.00000e+00  1.00000e+00 -6.41531e-22  0.00000e+00  0.00000e+00
0140 -3.64746e-01  1.00000e+00  1.00000e+00 -6.28265e-22  0.00000e+00  0.00000e+00
0141 -3.63770e-01  1.00000e+00  1.00000e+00 -5.47699e-22  0.00000e+00  0.00000e+00
0142 -3.62793e-01  1.00000e+00  1.00000e+00 -6.54313e-22  0.00000e+00  0.00000e+00
0143 -3.61816e-01  1.00000e+00  1.00000e+00 -6.33113e-22  0.00000e+00  0.00000e+00
0144 -3.60840e-01  1.00000e+00  1.00000e+00 -5.69594e-22  0.00000e+00  0.00000e+00
0145 -3.59863e-01  1.00000e+00  1.00000e+00 -6.66553e-22  0.00000e+00  0.00000e+00
0146 -3.58887e-01  1.00000e+00  1.00000e+00 -6.25652e-22  0.00000e+00  0.00000e+00
0147 -3.57910e-01  1.00000e+00  1.00000e+00 -5.78825e-22  0.00000e+00  0.00000e+00
0148 -3.56934e-01  1.00000e+00  1.00000e+00 -6.78239e-22  0.00000e+00  0.00000e+00
0149 -3.55957e-01  1.00000e+00  1.00000e+00 -6.08540e-22  0.00000e+00  0.00000e+00
0150 -3.54980e-01  1.00000e+00  1.00000e+00 -5.78090e-22  0.00000e+00  0.00000e+00
0151 -3.54004e-01  1.00000e+00  1.00000e+00 -6.83651e-22  0.00000e+00  0.00000e+00
0152 -3.53027e-01  1.00000e+00  1.00000e+00 -5.97984e-22  0.00000e+00  0.00000e+00
0153 -3.52051e-01  1.00000e+00  1.00000e+00 -5.95043e-22  0.00000e+00  0.00000e+00
0154 -3.51074e-01  1.00000e+00  1.00000e+00 -6.91039e-22  0.00000e+00  0.00000e+00
0155 -3.50098e-01  1.00000e+00  1.00000e+00 -5.89744e-22  0.00000e+00  0.00000e+00
0156 -3.49121e-01  1.00000e+00  1.00000e+00  6.95972e-17  0.00000e+00  0.00000e+00
0157 -3.48145e-01  1.00000e+00  1.00000e+00  1.79713e-16  0.00000e+00  0.00000e+00
0158 -3.47168e-01  1.00000e+00  1.00000e+00  2.43106e-16  0.00000e+00  0.00000e+00
0159 -3.46191e-01  1.00000e+00  1.00000e+00  2.43106e-16  0.00000e+00  0.00000e+00
0160 -3.45215e-01  1.00000e+00  1.00000e+00  2.43106e-16  0.00000e+00  0.00000e+00
0161 -3.44238e-01  1.00000e+00  1.00000e+00  2.43105e-16  0.00000e+00  0.00000e+00
0162 -3.43262e-01  1.00000e+00  1.00000e+00  2.43105e-16  0.00000e+00  0.00000e+00
0163 -3.42285e-01  1.00000e+00  1.00000e+00  2.43105e-16  0.00000e+00  0.00000e+00
0164 -3.41309e-01  1.00000e+00  1.00000e+00  2.43105e-16  0.00000e+00  0.00000e+00
0165 -3.40332e-01  1.00000e+00  1.00000e+00  2.43105e-16  0.00000e+00  0.00000e+00
0166 -3.39355e-01  1.00000e+00  1.00000e+00  2.43105e-16  0.00000e+00  0.00000e+00
0167 -3.38379e-01  1.00000e+00  1.00000e+00  2.43105e-16  0.00000e+00  0.00000e+00
0168 -3.37402e-01  1.00000e+00  1.00000e+00  2.43104e-16  0.00000e+00  0.00000e+00
0169 -3.36426e-01  1.00000e+00  1.00000e+00  2.43104e-16  0.00000e+00  0.00000e+00
0170 -3.35449e-01  1.00000e+00  1.00000e+00  2.43104e-16  0.00000e+00  0.00000e+00
0171 -3.34473e-01  1.00000e+00  1.00000e+00  2.43104e-16  0.00000e+00  0.00000e+00
0172 -3.33496e-01  1.00000e+00  1.00000e+00  2.43104e-16  0.00000e+00  0.00000e+00
0173 -3.32520e-01  1.00000e+00  1.00000e+00  2.43104e-16  0.00000e+00  0.00000e+00
0174 -3.31543e-01  1.00000e+00  1.00000e+00  2.43104e-16  0.00000e+00  0.00000e+00
0175 -3.30566e-01  1.00000e+00  1.00000e+00  2.43104e-16  0.00000e+00  0.00000e+00
0176 -3.29590e-01  1.00000e+00  1.00000e+00  1.32988e-16  0.00000e+00  0.00000e+00
0177 -3.28613e-01  1.00000e+00  1.00000e+00  1.06684e-15  0.00000e+00  0.00000e+00
0178 -3.27637e-01  1.00000e+00  1.00000e+00  3.41455e-15  0.00000e+00  0.00000e+00
0179 -3.26660e-01  1.00000e+00  1.00000e+00  1.22849e-14  0.00000e+00  0.00000e+00
0180 -3.25684e-01  1.00000e+00  1.00000e+00  4.39020e-14  0.00000e+00  0.00000e+00
0181 -3.24707e-01  1.00000e+00  1.00000e+00  1.50034e-13  0.00000e+00  0.00000e+00
0182 -3.23730e-01  1.00000e+00  1.00000e+00  5.08527e-13  0.00000e+00  0.00000e+00
0183 -3.22754e-01  1.00000e+00  1.00000e+00  1.69293e-12  0.00000e+00  0.00000e+00
0184 -3.21777e-01  1.00000e+00  1.00000e+00  5.54240e-12  0.00000e+00  0.00000e+00
0185 -3.20801e-01  1.00000e+00  1.00000e+00  1.78376e-11  0.00000e+00  0.00000e+00
0186 -3.19824e-01  1.00000e+00  1.00000e+00  5.63895e-11  0.00000e+00  0.00000e+00
0187 -3.18848e-01  1.00000e+00  1.00000e+00  1.74994e-10  0.00000e+00  0.00000e+00
0188 -3.17871e-01  1.00000e+00  1.00000e+00  5.32690e-10  0.00000e+00  0.00000e+00
0189 -3.16895e-01  1.00000e+00  1.00000e+00  1.58915e-09  0.00000e+00  0.00000e+00
0190 -3.15918e-01  1.00000e+00  1.00000e+00  4.64138e-09  0.00000e+00  0.00000e+00
0191 -3.14941e-01  1.00000e+00  1.00000e+00  1.32559e-08  0.00000e+00  0.00000e+00
0192 -3.13965e-01  1.00000e+00  1.00000e+00  3.69713e-08  0.00000e+00  0.00000e+00
0193 -3.12988e-01  1.00000e+00  1.00000e+00  1.00543e-07  0.00000e+00  0.00000e+00
0194 -3.12012e-01  1.00000e+00  1.00000e+00  2.66145e-07  0.00000e+00  0.00000e+00
0195 -3.11035e-01  9.99999e-01  9.99999e-01  6.84406e-07  0.00000e+00  0.00000e+00
0196 -3.10059e-01  9.99999e-01  9.99998e-01  1.70606e-06  0.00000e+00  0.00000e+00
0197 -3.09082e-01  9.99997e-01  9.99995e-01  4.11259e-06  0.00000e+00  0.00000e+00
0198 -3.08105e-01  9.99992e-01  9.99989e-01  9.56204e-06  0.00000e+00  0.00000e+00
0199 -3.07129e-01  9.99982e-01  9.99975e-01  2.13849e-05  0.00000e+00  0.00000e+00
0200 -3.06152e-01  9.99961e-01  9.99946e-01  4.58736e-05  0.00000e+00  0.00000e+00
0201 -3.05176e-01  9.99920e-01  9.99889e-01  9.41282e-05  0.00000e+00  0.00000e+00
0202 -3.04199e-01  9.99844e-01  9.99782e-01  1.84279e-04  0.00000e+00  0.00000e+00
0203 -3.03223e-01  9.99710e-01  9.99594e-01  3.43485e-04  0.00000e+00  0.00000e+00
0204 -3.02246e-01  9.99486e-01  9.99280e-01  6.08655e-04  0.00000e+00  0.00000e+00
0205 -3.01270e-01  9.99134e-01  9.98788e-01  1.02469e-03  0.00000e+00  0.00000e+00
0206 -3.00293e-01  9.98615e-01  9.98062e-01  1.63956e-03  0.00000e+00  0.00000e+00
0207 -2.99316e-01  9.97891e-01  9.97049e-01  2.49697e-03  0.00000e+00  0.00000e+00
0208 -2.98340e-01  9.96937e-01  9.95715e-01  3.62852e-03  0.00000e+00  0.00000e+00
0209 -2.97363e-01  9.95741e-01  9.94042e-01  5.04822e-03  0.00000e+00  0.00000e+00
0210 -2.96387e-01  9.94307e-01  9.92039e-01  6.75114e-03  0.00000e+00  0.00000e+00
0211 -2.95410e-01  9.92655e-01  9.89733e-01  8.71622e-03  0.00000e+00  0.00000e+00
0212 -2.94434e-01  9.90812e-01  9.87161e-01  1.09118e-02  0.00000e+00  0.00000e+00
0213 -2.93457e-01  9.88809e-01  9.84368e-01  1.33016e-02  0.00000e+00  0.00000e+00
0214 -2.92480e-01  9.86676e-01  9.81397e-01  1.58498e-02  0.00000e+00  0.00000e+00
0215 -2.91504e-01  9.84442e-01  9.78287e-01  1.85245e-02  0.00000e+00  0.00000e+00
0216 -2.90527e-01  9.82129e-01  9.75070e-01  2.12986e-02  0.00000e+00  0.00000e+00
0217 -2.89551e-01  9.79755e-01  9.71773e-01  2.41504e-02  0.00000e+00  0.00000e+00
0218 -2.88574e-01  9.77336e-01  9.68415e-01  2.70633e-02  0.00000e+00  0.00000e+00
0219 -2.87598e-01  9.74881e-01  9.65012e-01  3.00242e-02  0.00000e+00  0.00000e+00
0220 -2.86621e-01  9.72400e-01  9.61575e-01  3.30236e-02  0.00000e+00  0.00000e+00
0221 -2.85645e-01  9.69898e-01  9.58113e-01  3.60540e-02  0.00000e+00  0.00000e+00
0222 -2.84668e-01  9.67381e-01  9.54633e-01  3.91098e-02  0.00000e+00  0.00000e+00
0223 -2.83691e-01  9.64851e-01  9.51140e-01  4.21867e-02  0.00000e+00  0.00000e+00
0224 -2.82715e-01  9.62312e-01  9.47638e-01  4.52815e-02  0.00000e+00  0.00000e+00
0225 -2.81738e-01  9.59766e-01  9.44129e-01  4.83914e-02  0.00000e+00  0.00000e+00
0226 -2.80762e-01  9.57215e-01  9.40618e-01  5.15143e-02  0.00000e+00  0.00000e+00
0227 -2.79785e-01  9.54659e-01  9.37104e-01  5.46485e-02  0.00000e+00  0.00000e+00
0228 -2.78809e-01  9.52102e-01  9.33591e-01  5.77927e-02  0.00000e+00  0.00000e+00
0229 -2.77832e-01  9.49542e-01  9.30080e-01  6.09455e-02  0.00000e+00  0.00000e+00
0230 -2.76855e-01  9.46982e-01  9.26571e-01  6.41061e-02  0.00000e+00  0.00000e+00
0231 -2.75879e-01  9.44422e-01  9.23066e-01  6.72735e-02  0.00000e+00  0.00000e+00
0232 -2.74902e-01  9.41863e-01  9.19566e-01  7.04472e-02  0.00000e+00  0.00000e+00
0233 -2.73926e-01  9.39304e-01  9.16071e-01  7.36264e-02  0.00000e+00  0.00000e+00
0234 -2.72949e-01  9.36748e-01  9.12582e-01  7.68106e-02  0.00000e+00  0.00000e+00
0235 -2.71973e-01  9.34193e-01  9.09099e-01  7.99995e-02  0.00000e+00  0.00000e+00
0236 -2.70996e-01  9.31640e-01  9.05623e-01  8.31924e-02  0.00000e+00  0.00000e+00
0237 -2.70020e-01  9.29090e-01  9.02154e-01  8.63892e-02  0.00000e+00  0.00000e+00
0238 -2.69043e-01  9.26542e-01  8.98693e-01  8.95895e-02  0.00000e+00  0.00000e+00
0239 -2.68066e-01  9.23998e-01  8.95240e-01  9.27930e-02  0.00000e+00  0.00000e+00
0240 -2.67090e-01  9.21457e-01  8.91795e-01  9.59994e-02  0.00000e+00  0.00000e+00
0241 -2.66113e-01  9.18919e-01  8.88359e-01  9.92086e-02  0.00000e+00  0.00000e+00
0242 -2.65137e-01  9.16385e-01  8.84931e-01  1.02420e-01  0.00000e+00  0.00000e+00
0243 -2.64160e-01  9.13855e-01  8.81512e-01  1.05634e-01  0.00000e+00  0.00000e+00
0244 -2.63184e-01  9.11328e-01  8.78102e-01  1.08851e-01  0.00000e+00  0.00000e+00
0245 -2.62207e-01  9.08806e-01  8.74701e-01  1.12069e-01  0.00000e+00  0.00000e+00
0246 -2.61230e-01  9.06288e-01  8.71310e-01  1.15289e-01  0.00000e+00  0.00000e+00
0247 -2.60254e-01  9.03774e-01  8.67928e-01  1.18511e-01  0.00000e+00  0.00000e+00
0248 -2.59277e-01  9.01264e-01  8.64555e-01  1.21735e-01  0.00000e+00  0.00000e+00
0249 -2.58301e-01  8.98758e-01  8.61192e-01  1.24960e-01  0.00000e+00  0.00000e+00
0250 -2.57324e-01  8.96257e-01  8.57839e-01  1.28187e-01  0.00000e+00  0.00000e+00
0251 -2.56348e-01  8.93761e-01  8.54495e-01  1.31415e-01  0.00000e+00  0.00000e+00
0252 -2.55371e-01  8.91268e-01  8.51162e-01  1.34644e-01  0.00000e+00  0.00000e+00
0253 -2.54395e-01  8.88781e-01  8.47838e-01  1.37875e-01  0.00000e+00  0.00000e+00
0254 -2.53418e-01  8.86298e-01  8.44524e-01  1.41107e-01  0.00000e+00  0.00000e+00
0255 -2.52441e-01  8.83820e-01  8.41220e-01  1.44340e-01  0.00000e+00  0.00000e+00
0256 -2.51465e-01  8.81347e-01  8.37926e-01  1.47574e-01  0.00000e+00  0.00000e+00
0257 -2.50488e-01  8.78878e-01  8.34642e-01  1.50809e-01  0.00000e+00  0.00000e+00
0258 -2.49512e-01  8.76415e-01  8.31369e-01  1.54045e-01  0.00000e+00  0.00000e+00
0259 -2.48535e-01  8.73956e-01  8.28105e-01  1.57282e-01  0.00000e+00  0.00000e+00
0260 -2.47559e-01  8.71502e-01  8.24851e-01  1.60519e-01  0.00000e+00  0.00000e+00
0261 -2.46582e-01  8.69053e-01  8.21608e-01  1.63758e-01  0.00000e+00  0.00000e+00
0262 -2.45605e-01  8.66609e-01  8.18375e-01  1.66997e-01  0.00000e+00  0.00000e+00
0263 -2.44629e-01  8.64169e-01  8.15152e-01  1.70237e-01  0.00000e+00  0.00000e+00
0264 -2.43652e-01  8.61735e-01  8.11939e-01  1.73478e-01  0.00000e+00  0.00000e+00
0265 -2.42676e-01  8.59306e-01  8.08736e-01  1.76719e-01  0.00000e+00  0.00000e+00
0266 -2.41699e-01  8.56882e-01  8.05544e-01  1.79961e-01  0.00000e+00  0.00000e+00
0267 -2.40723e-01  8.54462e-01  8.02362e-01  1.83204e-01  0.00000e+00  0.00000e+00
0268 -2.39746e-01  8.52048e-01  7.99190e-01  1.86447e-01  0.00000e+00  0.00000e+00
0269 -2.38770e-01  8.49639e-01  7.96028e-01  1.89691e-01  0.00000e+00  0.00000e+00
0270 -2.37793e-01  8.47235e-01  7.92877e-01  1.92935e-01  0.00000e+00  0.00000e+00
0271 -2.36816e-01  8.44836e-01  7.89735e-01  1.96180e-01  0.00000e+00  0.00000e+00
0272 -2.35840e-01  8.42442e-01  7.86604e-01  1.99425e-01  0.00000e+00  0.00000e+00
0273 -2.34863e-01  8.40053e-01  7.83483e-01  2.02671e-01  0.00000e+00  0.00000e+00
0274 -2.33887e-01  8.37670e-01  7.80372e-01  2.05917e-01  0.00000e+00  0.00000e+00
0275 -2.32910e-01  8.35291e-01  7.77272e-01  2.09164e-01  0.00000e+00  0.00000e+00
0276 -2.31934e-01  8.32917e-01  7.74181e-01  2.12411e-01  0.00000e+00  0.00000e+00
0277 -2.30957e-01  8.30549e-01  7.71101e-01  2.15658e-01  0.00000e+00  0.00000e+00
0278 -2.29980e-01  8.28186e-01  7.68031e-01  2.18906e-01  0.00000e+00  0.00000e+00
0279 -2.29004e-01  8.25827e-01  7.64971e-01  2.22154e-01  0.00000e+00  0.00000e+00
0280 -2.28027e-01  8.23474e-01  7.61921e-01  2.25403e-01  0.00000e+00  0.00000e+00
0281 -2.27051e-01  8.21126e-01  7.58881e-01  2.28652e-01  0.00000e+00  0.00000e+00
0282 -2.26074e-01  8.18783e-01  7.55852e-01  2.31901e-01  0.00000e+00  0.00000e+00
0283 -2.25098e-01  8.16446e-01  7.52832e-01  2.35150e-01  0.00000e+00  0.00000e+00
0284 -2.24121e-01  8.14113e-01  7.49823e-01  2.38400e-01  0.00000e+00  0.00000e+00
0285 -2.23145e-01  8.11786e-01  7.46823e-01  2.41650e-01  0.00000e+00  0.00000e+00
0286 -2.22168e-01  8.09463e-01  7.43834e-01  2.44901e-01  0.00000e+00  0.00000e+00
0287 -2.21191e-01  8.07146e-01  7.40855e-01  2.48151e-01  0.00000e+00  0.00000e+00
0288 -2.20215e-01  8.04834e-01  7.37885e-01  2.51402e-01  0.00000e+00  0.00000e+00
0289 -2.19238e-01  8.02527e-01  7.34926e-01  2.54653e-01  0.00000e+00  0.00000e+00
0290 -2.18262e-01  8.00225e-01  7.31976e-01  2.57905e-01  0.00000e+00  0.00000e+00
0291 -2.17285e-01  7.97928e-01  7.29037e-01  2.61156e-01  0.00000e+00  0.00000e+00
0292 -2.16309e-01  7.95637e-01  7.26107e-01  2.64408e-01  0.00000e+00  0.00000e+00
0293 -2.15332e-01  7.93350e-01  7.23188e-01  2.67660e-01  0.00000e+00  0.00000e+00
0294 -2.14355e-01  7.91069e-01  7.20278e-01  2.70913e-01  0.00000e+00  0.00000e+00
0295 -2.13379e-01  7.88793e-01  7.17378e-01  2.74165e-01  0.00000e+00  0.00000e+00
0296 -2.12402e-01  7.86522e-01  7.14488e-01  2.77418e-01  0.00000e+00  0.00000e+00
0297 -2.11426e-01  7.84256e-01  7.11608e-01  2.80671e-01  0.00000e+00  0.00000e+00
0298 -2.10449e-01  7.81995e-01  7.08737e-01  2.83924e-01  0.00000e+00  0.00000e+00
0299 -2.09473e-01  7.79739e-01  7.05877e-01  2.87177e-01  0.00000e+00  0.00000e+00
0300 -2.08496e-01  7.77488e-01  7.03026e-01  2.90430e-01  0.00000e+00  0.00000e+00
0301 -2.07520e-01  7.75242e-01  7.00185e-01  2.93684e-01  0.00000e+00  0.00000e+00
0302 -2.06543e-01  7.73002e-01  6.97353e-01  2.96937e-01  0.00000e+00  0.00000e+00
0303 -2.05566e-01  7.70766e-01  6.94531e-01  3.00191e-01  0.00000e+00  0.00000e+00
0304 -2.04590e-01  7.68536e-01  6.91719e-01  3.03445e-01  0.00000e+00  0.00000e+00
0305 -2.03613e-01  7.66311e-01  6.88917e-01  3.06699e-01  0.00000e+00  0.00000e+00
0306 -2.02637e-01  7.64091e-01  6.86124e-01  3.09953e-01  0.00000e+00  0.00000e+00
0307 -2.01660e-01  7.61875e-01  6.83341e-01  3.13208e-01  0.00000e+00  0.00000e+00
0308 -2.00684e-01  7.59665e-01  6.80567e-01  3.16462e-01  0.00000e+00  0.00000e+00
0309 -1.99707e-01  7.57460e-01  6.77803e-01  3.19717e-01  0.00000e+00  0.00000e+00
0310 -1.98730e-01  7.55260e-01  6.75049e-01  3.22971e-01  0.00000e+00  0.00000e+00
0311 -1.97754e-01  7.53065e-01  6.72304e-01  3.26226e-01  0.00000e+00  0.00000e+00
0312 -1.96777e-01  7.50875e-01  6.69568e-01  3.29481e-01  0.00000e+00  0.00000e+00
0313 -1.95801e-01  7.48690e-01  6.66842e-01  3.32736e-01  0.00000e+00  0.00000e+00
0314 -1.94824e-01  7.46511e-01  6.64126e-01  3.35991e-01  0.00000e+00  0.00000e+00
0315 -1.93848e-01  7.44336e-01  6.61419e-01  3.39246e-01  0.00000e+00  0.00000e+00
0316 -1.92871e-01  7.42166e-01  6.58721e-01  3.42501e-01  0.00000e+00  0.00000e+00
0317 -1.91895e-01  7.40001e-01  6.56032e-01  3.45757e-01  0.00000e+00  0.00000e+00
0318 -1.90918e-01  7.37841e-01  6.53353e-01  3.49012e-01  0.00000e+00  0.00000e+00
0319 -1.89941e-01  7.35687e-01  6.50684e-01  3.52268e-01  0.00000e+00  0.00000e+00
0320 -1.88965e-01  7.33537e-01  6.48023e-01  3.55523e-01  0.00000e+00  0.00000e+00
0321 -1.87988e-01  7.31392e-01  6.45372e-01  3.58779e-01  0.00000e+00  0.00000e+00
0322 -1.87012e-01  7.29252e-01  6.42730e-01  3.62034e-01  0.00000e+00  0.00000e+00
0323 -1.86035e-01  7.27117e-01  6.40097e-01  3.65290e-01  0.00000e+00  0.00000e+00
0324 -1.85059e-01  7.24987e-01  6.37474e-01  3.68546e-01  0.00000e+00  0.00000e+00
0325 -1.84082e-01  7.22862e-01  6.34860e-01  3.71801e-01  0.00000e+00  0.00000e+00
0326 -1.83105e-01  7.20742e-01  6.32255e-01  3.75057e-01  0.00000e+00  0.00000e+00
0327 -1.82129e-01  7.18627e-01  6.29659e-01  3.78313e-01  0.00000e+00  0.00000e+00
0328 -1.81152e-01  7.16517e-01  6.27072e-01  3.81569e-01  0.00000e+00  0.00000e+00
0329 -1.80176e-01  7.14412e-01  6.24494e-01  3.84825e-01  0.00000e+00  0.00000e+00
0330 -1.79199e-01  7.12312e-01  6.21925e-01  3.88081e-01  0.00000e+00  0.00000e+00
0331 -1.78223e-01  7.10217e-01  6.19365e-01  3.91337e-01  0.00000e+00  0.00000e+00
0332 -1.77246e-01  7.08126e-01  6.16815e-01  3.94593e-01  0.00000e+00  0.00000e+00
0333 -1.76270e-01  7.06041e-01  6.14273e-01  3.97849e-01  0.00000e+00  0.00000e+00
0334 -1.75293e-01  7.03960e-01  6.11740e-01  4.01105e-01  0.00000e+00  0.00000e+00
0335 -1.74316e-01  7.01884e-01  6.09217e-01  4.04362e-01  0.00000e+00  0.00000e+00
0336 -1.73340e-01  6.99814e-01  6.06702e-01  4.07618e-01  0.00000e+00  0.00000e+00
0337 -1.72363e-01  6.97748e-01  6.04196e-01  4.10874e-01  0.00000e+00  0.00000e+00
0338 -1.71387e-01  6.95687e-01  6.01698e-01  4.14130e-01  0.00000e+00  0.00000e+00
0339 -1.70410e-01  6.93630e-01  5.99210e-01  4.17386e-01  0.00000e+00  0.00000e+00
0340 -1.69434e-01  6.91579e-01  5.96731e-01  4.20643e-01  0.00000e+00  0.00000e+00
0341 -1.68457e-01  6.89533e-01  5.94260e-01  4.23899e-01  0.00000e+00  0.00000e+00
0342 -1.67480e-01  6.87491e-01  5.91798e-01  4.27155e-01  0.00000e+00  0.00000e+00
0343 -1.66504e-01  6.85454e-01  5.89345e-01  4.30411e-01  0.00000e+00  0.00000e+00
0344 -1.65527e-01  6.83422e-01  5.86901e-01  4.33667e-01  0.00000e+00  0.00000e+00
0345 -1.64551e-01  6.81395e-01  5.84465e-01  4.36924e-01  0.00000e+00  0.00000e+00
0346 -1.63574e-01  6.79373e-01  5.82038e-01  4.40180e-01  0.00000e+00  0.00000e+00
0347 -1.62598e-01  6.77355e-01  5.79619e-01  4.43436e-01  0.00000e+00  0.00000e+00
0348 -1.61621e-01  6.75342e-01  5.77209e-01  4.46692e-01  0.00000e+00  0.00000e+00
0349 -1.60645e-01  6.73334e-01  5.74808e-01  4.49949e-01  0.00000e+00  0.00000e+00
0350 -1.59668e-01  6.71331e-01  5.72416e-01  4.53205e-01  0.00000e+00  0.00000e+00
0351 -1.58691e-01  6.69333e-01  5.70032e-01  4.56461e-01  0.00000e+00  0.00000e+00
0352 -1.57715e-01  6.67339e-01  5.67656e-01  4.59717e-01  0.00000e+00  0.00000e+00
0353 -1.56738e-01  6.65351e-01  5.65289e-01  4.62973e-01  0.00000e+00  0.00000e+00
0354 -1.55762e-01  6.63366e-01  5.62930e-01  4.66229e-01  0.00000e+00  0.00000e+00
0355 -1.54785e-01  6.61387e-01  5.60580e-01  4.69486e-01  0.00000e+00  0.00000e+00
0356 -1.53809e-01  6.59413e-01  5.58239e-01  4.72742e-01  0.00000e+00  0.00000e+00
0357 -1.52832e-01  6.57443e-01  5.55905e-01  4.75998e-01  0.00000e+00  0.00000e+00
0358 -1.51855e-01  6.55478e-01  5.53580e-01  4.79254e-01  0.00000e+00  0.00000e+00
0359 -1.50879e-01  6.53517e-01  5.51264e-01  4.82510e-01  0.00000e+00  0.00000e+00
0360 -1.49902e-01  6.51561e-01  5.48956e-01  4.85766e-01  0.00000e+00  0.00000e+00
0361 -1.48926e-01  6.49610e-01  5.46656e-01  4.89022e-01  0.00000e+00  0.00000e+00
0362 -1.47949e-01  6.47664e-01  5.44364e-01  4.92278e-01  0.00000e+00  0.00000e+00
0363 -1.46973e-01  6.45722e-01  5.42081e-01  4.95534e-01  0.00000e+00  0.00000e+00
0364 -1.45996e-01  6.43786e-01  5.39806e-01  4.98789e-01  0.00000e+00  0.00000e+00
0365 -1.45020e-01  6.41853e-01  5.37539e-01  5.02045e-01  0.00000e+00  0.00000e+00
0366 -1.44043e-01  6.39926e-01  5.35280e-01  5.05301e-01  0.00000e+00  0.00000e+00
0367 -1.43066e-01  6.38003e-01  5.33030e-01  5.08557e-01  0.00000e+00  0.00000e+00
0368 -1.42090e-01  6.36084e-01  5.30787e-01  5.11813e-01  0.00000e+00  0.00000e+00
0369 -1.41113e-01  6.34171e-01  5.28553e-01  5.15068e-01  0.00000e+00  0.00000e+00
0370 -1.40137e-01  6.32262e-01  5.26327e-01  5.18324e-01  0.00000e+00  0.00000e+00
0371 -1.39160e-01  6.30357e-01  5.24109e-01  5.21579e-01  0.00000e+00  0.00000e+00
0372 -1.38184e-01  6.28458e-01  5.21899e-01  5.24835e-01  0.00000e+00  0.00000e+00
0373 -1.37207e-01  6.26563e-01  5.19697e-01  5.28090e-01  0.00000e+00  0.00000e+00
0374 -1.36230e-01  6.24672e-01  5.17503e-01  5.31346e-01  0.00000e+00  0.00000e+00
0375 -1.35254e-01  6.22786e-01  5.15317e-01  5.34601e-01  0.00000e+00  0.00000e+00
0376 -1.34277e-01  6.20905e-01  5.13139e-01  5.37856e-01  0.00000e+00  0.00000e+00
0377 -1.33301e-01  6.19028e-01  5.10968e-01  5.41112e-01  0.00000e+00  0.00000e+00
0378 -1.32324e-01  6.17156e-01  5.08806e-01  5.44367e-01  0.00000e+00  0.00000e+00
0379 -1.31348e-01  6.15288e-01  5.06652e-01  5.47622e-01  0.00000e+00  0.00000e+00
0380 -1.30371e-01  6.13425e-01  5.04505e-01  5.50877e-01  0.00000e+00  0.00000e+00
0381 -1.29395e-01  6.11566e-01  5.02367e-01  5.54132e-01  0.00000e+00  0.00000e+00
0382 -1.28418e-01  6.09712e-01  5.00236e-01  5.57387e-01  0.00000e+00  0.00000e+00
0383 -1.27441e-01  6.07863e-01  4.98113e-01  5.60642e-01  0.00000e+00  0.00000e+00
0384 -1.26465e-01  6.06018e-01  4.95998e-01  5.63897e-01  0.00000e+00  0.00000e+00
0385 -1.25488e-01  6.04178e-01  4.93890e-01  5.67151e-01  0.00000e+00  0.00000e+00
0386 -1.24512e-01  6.02342e-01  4.91790e-01  5.70406e-01  0.00000e+00  0.00000e+00
0387 -1.23535e-01  6.00511e-01  4.89698e-01  5.73661e-01  0.00000e+00  0.00000e+00
0388 -1.22559e-01  5.98684e-01  4.87614e-01  5.76915e-01  0.00000e+00  0.00000e+00
0389 -1.21582e-01  5.96861e-01  4.85537e-01  5.80170e-01  0.00000e+00  0.00000e+00
0390 -1.20605e-01  5.95043e-01  4.83468e-01  5.83424e-01  0.00000e+00  0.00000e+00
0391 -1.19629e-01  5.93230e-01  4.81407e-01  5.86678e-01  0.00000e+00  0.00000e+00
0392 -1.18652e-01  5.91421e-01  4.79353e-01  5.89932e-01  0.00000e+00  0.00000e+00
0393 -1.17676e-01  5.89616e-01  4.77306e-01  5.93187e-01  0.00000e+00  0.00000e+00
0394 -1.16699e-01  5.87816e-01  4.75267e-01  5.96441e-01  0.00000e+00  0.00000e+00
0395 -1.15723e-01  5.86021e-01  4.73236e-01  5.99695e-01  0.00000e+00  0.00000e+00
0396 -1.14746e-01  5.84230e-01  4.71212e-01  6.02948e-01  0.00000e+00  0.00000e+00
0397 -1.13770e-01  5.82443e-01  4.69196e-01  6.06202e-01  0.00000e+00  0.00000e+00
0398 -1.12793e-01  5.80661e-01  4.67187e-01  6.09456e-01  0.00000e+00  0.00000e+00
0399 -1.11816e-01  5.78883e-01  4.65186e-01  6.12709e-01  0.00000e+00  0.00000e+00
0400 -1.10840e-01  5.77109e-01  4.63192e-01  6.15963e-01  0.00000e+00  0.00000e+00
0401 -1.09863e-01  5.75340e-01  4.61205e-01  6.19216e-01  0.00000e+00  0.00000e+00
0402 -1.08887e-01  5.73576e-01  4.59226e-01  6.22470e-01  0.00000e+00  0.00000e+00
0403 -1.07910e-01  5.71815e-01  4.57254e-01  6.25723e-01  0.00000e+00  0.00000e+00
0404 -1.06934e-01  5.70059e-01  4.55290e-01  6.28976e-01  0.00000e+00  0.00000e+00
0405 -1.05957e-01  5.68308e-01  4.53332e-01  6.32229e-01  0.00000e+00  0.00000e+00
0406 -1.04980e-01  5.66561e-01  4.51382e-01  6.35482e-01  0.00000e+00  0.00000e+00
0407 -1.04004e-01  5.64818e-01  4.49440e-01  6.38735e-01  0.00000e+00  0.00000e+00
0408 -1.03027e-01  5.63079e-01  4.47504e-01  6.41987e-01  0.00000e+00  0.00000e+00
0409 -1.02051e-01  5.61345e-01  4.45576e-01  6.45240e-01  0.00000e+00  0.00000e+00
0410 -1.01074e-01  5.59615e-01  4.43655e-01  6.48492e-01  0.00000e+00  0.00000e+00
0411 -1.00098e-01  5.57890e-01  4.41741e-01  6.51745e-01  0.00000e+00  0.00000e+00
0412 -9.91211e-02  5.56169e-01  4.39834e-01  6.54997e-01  0.00000e+00  0.00000e+00
0413 -9.81445e-02  5.54452e-01  4.37934e-01  6.58249e-01  0.00000e+00  0.00000e+00
0414 -9.71680e-02  5.52739e-01  4.36042e-01  6.61501e-01  0.00000e+00  0.00000e+00
0415 -9.61914e-02  5.51031e-01  4.34156e-01  6.64753e-01  0.00000e+00  0.00000e+00
0416 -9.52148e-02  5.49327e-01  4.32278e-01  6.68005e-01  0.00000e+00  0.00000e+00
0417 -9.42383e-02  5.47628e-01  4.30407e-01  6.71256e-01  0.00000e+00  0.00000e+00
0418 -9.32617e-02  5.45932e-01  4.28542e-01  6.74508e-01  0.00000e+00  0.00000e+00
0419 -9.22852e-02  5.44241e-01  4.26685e-01  6.77759e-01  0.00000e+00  0.00000e+00
0420 -9.13086e-02  5.42554e-01  4.24835e-01  6.81010e-01  0.00000e+00  0.00000e+00
0421 -9.03320e-02  5.40872e-01  4.22992e-01  6.84261e-01  0.00000e+00  0.00000e+00
0422 -8.93555e-02  5.39194e-01  4.21155e-01  6.87512e-01  0.00000e+00  0.00000e+00
0423 -8.83789e-02  5.37519e-01  4.19326e-01  6.90763e-01  0.00000e+00  0.00000e+00
0424 -8.74023e-02  5.35850e-01  4.17503e-01  6.94013e-01  0.00000e+00  0.00000e+00
0425 -8.64258e-02  5.34184e-01  4.15687e-01  6.97264e-01  0.00000e+00  0.00000e+00
0426 -8.54492e-02  5.32523e-01  4.13879e-01  7.00514e-01  0.00000e+00  0.00000e+00
0427 -8.44727e-02  5.30866e-01  4.12077e-01  7.03764e-01  0.00000e+00  0.00000e+00
0428 -8.34961e-02  5.29213e-01  4.10281e-01  7.07014e-01  0.00000e+00  0.00000e+00
0429 -8.25195e-02  5.27564e-01  4.08493e-01  7.10264e-01  0.00000e+00  0.00000e+00
0430 -8.15430e-02  5.25919e-01  4.06711e-01  7.13513e-01  0.00000e+00  0.00000e+00
0431 -8.05664e-02  5.24279e-01  4.04937e-01  7.16763e-01  0.00000e+00  0.00000e+00
0432 -7.95898e-02  5.22643e-01  4.03169e-01  7.20012e-01  0.00000e+00  0.00000e+00
0433 -7.86133e-02  5.21011e-01  4.01407e-01  7.23261e-01  0.00000e+00  0.00000e+00
0434 -7.76367e-02  5.19383e-01  3.99653e-01  7.26510e-01  0.00000e+00  0.00000e+00
0435 -7.66602e-02  5.17760e-01  3.97905e-01  7.29758e-01  0.00000e+00  0.00000e+00
0436 -7.56836e-02  5.16140e-01  3.96163e-01  7.33007e-01  0.00000e+00  0.00000e+00
0437 -7.47070e-02  5.14525e-01  3.94429e-01  7.36255e-01  0.00000e+00  0.00000e+00
0438 -7.37305e-02  5.12914e-01  3.92701e-01  7.39503e-01  0.00000e+00  0.00000e+00
0439 -7.27539e-02  5.11307e-01  3.90980e-01  7.42750e-01  0.00000e+00  0.00000e+00
0440 -7.17773e-02  5.09704e-01  3.89265e-01  7.45998e-01  0.00000e+00  0.00000e+00
0441 -7.08008e-02  5.08106e-01  3.87557e-01  7.49245e-01  0.00000e+00  0.00000e+00
0442 -6.98242e-02  5.06511e-01  3.85855e-01  7.52492e-01  0.00000e+00  0.00000e+00
0443 -6.88477e-02  5.04921e-01  3.84160e-01  7.55738e-01  0.00000e+00  0.00000e+00
0444 -6.78711e-02  5.03335e-01  3.82471e-01  7.58985e-01  0.00000e+00  0.00000e+00
0445 -6.68945e-02  5.01753e-01  3.80789e-01  7.62231e-01  0.00000e+00  0.00000e+00
0446 -6.59180e-02  5.00175e-01  3.79114e-01  7.65477e-01  0.00000e+00  0.00000e+00
0447 -6.49414e-02  4.98601e-01  3.77445e-01  7.68722e-01  0.00000e+00  0.00000e+00
0448 -6.39648e-02  4.97031e-01  3.75782e-01  7.71967e-01  0.00000e+00  0.00000e+00
0449 -6.29883e-02  4.95465e-01  3.74126e-01  7.75212e-01  0.00000e+00  0.00000e+00
0450 -6.20117e-02  4.93904e-01  3.72477e-01  7.78456e-01  0.00000e+00  0.00000e+00
0451 -6.10352e-02  4.92347e-01  3.70833e-01  7.81700e-01  0.00000e+00  0.00000e+00
0452 -6.00586e-02  4.90793e-01  3.69197e-01  7.84944e-01  0.00000e+00  0.00000e+00
0453 -5.90820e-02  4.89244e-01  3.67566e-01  7.88187e-01  0.00000e+00  0.00000e+00
0454 -5.81055e-02  4.87699e-01  3.65942e-01  7.91430e-01  0.00000e+00  0.00000e+00
0455 -5.71289e-02  4.86158e-01  3.64325e-01  7.94672e-01  0.00000e+00  0.00000e+00
0456 -5.61523e-02  4.84622e-01  3.62713e-01  7.97914e-01  0.00000e+00  0.00000e+00
0457 -5.51758e-02  4.83089e-01  3.61108e-01  8.01156e-01  0.00000e+00  0.00000e+00
0458 -5.41992e-02  4.81561e-01  3.59510e-01  8.04396e-01  0.00000e+00  0.00000e+00
0459 -5.32227e-02  4.80036e-01  3.57918e-01  8.07637e-01  0.00000e+00  0.00000e+00
0460 -5.22461e-02  4.78516e-01  3.56332e-01  8.10876e-01  0.00000e+00  0.00000e+00
0461 -5.12695e-02  4.77000e-01  3.54752e-01  8.14116e-01  0.00000e+00  0.00000e+00
0462 -5.02930e-02  4.75488e-01  3.53179e-01  8.17354e-01  0.00000e+00  0.00000e+00
0463 -4.93164e-02  4.73980e-01  3.51612e-01  8.20592e-01  0.00000e+00  0.00000e+00
0464 -4.83398e-02  4.72477e-01  3.50051e-01  8.23829e-01  0.00000e+00  0.00000e+00
0465 -4.73633e-02  4.70977e-01  3.48497e-01  8.27065e-01  0.00000e+00  0.00000e+00
0466 -4.63867e-02  4.69482e-01  3.46949e-01  8.30301e-01  0.00000e+00  0.00000e+00
0467 -4.54102e-02  4.67991e-01  3.45407e-01  8.33535e-01  0.00000e+00  0.00000e+00
0468 -4.44336e-02  4.66504e-01  3.43872e-01  8.36769e-01  0.00000e+00  0.00000e+00
0469 -4.34570e-02  4.65021e-01  3.42343e-01  8.40002e-01  0.00000e+00  0.00000e+00
0470 -4.24805e-02  4.63543e-01  3.40820e-01  8.43233e-01  0.00000e+00  0.00000e+00
0471 -4.15039e-02  4.62069e-01  3.39304e-01  8.46464e-01  0.00000e+00  0.00000e+00
0472 -4.05273e-02  4.60599e-01  3.37794e-01  8.49693e-01  0.00000e+00  0.00000e+00
0473 -3.95508e-02  4.59134e-01  3.36290e-01  8.52921e-01  0.00000e+00  0.00000e+00
0474 -3.85742e-02  4.57673e-01  3.34793e-01  8.56147e-01  0.00000e+00  0.00000e+00
0475 -3.75977e-02  4.56216e-01  3.33303e-01  8.59371e-01  0.00000e+00  0.00000e+00
0476 -3.66211e-02  4.54764e-01  3.31818e-01  8.62594e-01  0.00000e+00  0.00000e+00
0477 -3.56445e-02  4.53317e-01  3.30341e-01  8.65815e-01  0.00000e+00  0.00000e+00
0478 -3.46680e-02  4.51875e-01  3.28870e-01  8.69033e-01  0.00000e+00  0.00000e+00
0479 -3.36914e-02  4.50437e-01  3.27406e-01  8.72249e-01  0.00000e+00  0.00000e+00
0480 -3.27148e-02  4.49004e-01  3.25949e-01  8.75462e-01  0.00000e+00  0.00000e+00
0481 -3.17383e-02  4.47576e-01  3.24499e-01  8.78672e-01  0.00000e+00  0.00000e+00
0482 -3.07617e-02  4.46154e-01  3.23056e-01  8.81878e-01  0.00000e+00  0.00000e+00
0483 -2.97852e-02  4.44737e-01  3.21621e-01  8.85079e-01  0.00000e+00  0.00000e+00
0484 -2.88086e-02  4.43326e-01  3.20193e-01  8.88275e-01  0.00000e+00  0.00000e+00
0485 -2.78320e-02  4.41922e-01  3.18774e-01  8.91464e-01  0.00000e+00  0.00000e+00
0486 -2.68555e-02  4.40525e-01  3.17364e-01  8.94645e-01  0.00000e+00  0.00000e+00
0487 -2.58789e-02  4.39136e-01  3.15964e-01  8.97816e-01  0.00000e+00  0.00000e+00
0488 -2.49023e-02  4.37756e-01  3.14575e-01  9.00973e-01  0.00000e+00  0.00000e+00
0489 -2.39258e-02  4.36388e-01  3.13200e-01  9.04111e-01  0.00000e+00  0.00000e+00
0490 -2.29492e-02  4.35035e-01  3.11841e-01  9.07224e-01  0.00000e+00  0.00000e+00
0491 -2.19727e-02  4.33701e-01  3.10503e-01  9.10300e-01  0.00000e+00  0.00000e+00
0492 -2.09961e-02  4.32395e-01  3.09195e-01  9.13317e-01  0.00000e+00  0.00000e+00
0493 -2.00195e-02  4.31131e-01  3.07930e-01  9.16246e-01  0.00000e+00  0.00000e+00
0494 -1.90430e-02  4.29930e-01  3.06730e-01  9.19035e-01  0.00000e+00  0.00000e+00
0495 -1.80664e-02  4.28823e-01  3.05625e-01  9.21610e-01  0.00000e+00  0.00000e+00
0496 -1.70898e-02  4.27853e-01  3.04657e-01  9.23871e-01  0.00000e+00  0.00000e+00
0497 -1.61133e-02  4.27064e-01  3.03871e-01  9.25714e-01  0.00000e+00  0.00000e+00
0498 -1.51367e-02  4.26487e-01  3.03297e-01  9.27062e-01  0.00000e+00  0.00000e+00
0499 -1.41602e-02  4.26123e-01  3.02934e-01  9.27916e-01  0.00000e+00  0.00000e+00
0500 -1.31836e-02  4.25932e-01  3.02744e-01  9.28362e-01  0.00000e+00  0.00000e+00
0501 -1.22070e-02  4.25856e-01  3.02668e-01  9.28541e-01  0.00000e+00  0.00000e+00
0502 -1.12305e-02  4.25837e-01  3.02649e-01  9.28585e-01  0.00000e+00  0.00000e+00
0503 -1.02539e-02  4.25837e-01  3.02649e-01  9.28584e-01  0.00000e+00  0.00000e+00
0504 -9.27734e-03  4.25879e-01  3.02691e-01  9.28488e-01  0.00000e+00  0.00000e+00
0505 -8.30078e-03  4.25957e-01  3.02769e-01  9.28304e-01  0.00000e+00  0.00000e+00
0506 -7.32422e-03  4.26025e-01  3.02836e-01  9.28145e-01  0.00000e+00  0.00000e+00
0507 -6.34766e-03  4.26074e-01  3.02885e-01  9.28029e-01  0.00000e+00  0.00000e+00
0508 -5.37109e-03  4.26111e-01  3.02922e-01  9.27942e-01  0.00000e+00  0.00000e+00
0509 -4.39453e-03  4.26140e-01  3.02951e-01  9.27875e-01  0.00000e+00  0.00000e+00
0510 -3.41797e-03  4.26162e-01  3.02973e-01  9.27824e-01  0.00000e+00  0.00000e+00
0511 -2.44141e-03  4.26179e-01  3.02990e-01  9.27783e-01  0.00000e+00  0.00000e+00
0512 -1.46484e-03  4.26193e-01  3.03003e-01  9.27752e-01  0.00000e+00  0.00000e+00
0513 -4.88281e-04  4.26203e-01  3.03014e-01  9.27727e-01  0.00000e+00  0.00000e+00
0514  4.88281e-04  4.26212e-01  3.03022e-01  9.27707e-01  0.00000e+00  0.00000e+00
0515  1.46484e-03  4.26219e-01  3.03030e-01  9.27689e-01  0.00000e+00  0.00000e+00
0516  2.44141e-03  4.26226e-01  3.03037e-01  9.27674e-01  0.00000e+00  0.00000e+00
0517  3.41797e-03  4.26232e-01  3.03043e-01  9.27659e-01  0.00000e+00  0.00000e+00
0518  4.39453e-03  4.26238e-01  3.03049e-01  9.27645e-01  0.00000e+00  0.00000e+00
0519  5.37109e-03  4.26244e-01  3.03054e-01  9.27632e-01  0.00000e+00  0.00000e+00
0520  6.34766e-03  4.26250e-01  3.03060e-01  9.27619e-01  0.00000e+00  0.00000e+00
0521  7.32422e-03  4.26255e-01  3.03065e-01  9.27607e-01  0.00000e+00  0.00000e+00
0522  8.30078e-03  4.26260e-01  3.03070e-01  9.27595e-01  0.00000e+00  0.00000e+00
0523  9.27734e-03  4.26265e-01  3.03075e-01  9.27583e-01  0.00000e+00  0.00000e+00
0524  1.02539e-02  4.26270e-01  3.03080e-01  9.27572e-01  0.00000e+00  0.00000e+00
0525  1.12305e-02  4.26274e-01  3.03084e-01  9.27561e-01  0.00000e+00  0.00000e+00
0526  1.22070e-02  4.26278e-01  3.03088e-01  9.27552e-01  0.00000e+00  0.00000e+00
0527  1.31836e-02  4.26282e-01  3.03092e-01  9.27543e-01  0.00000e+00  0.00000e+00
0528  1.41602e-02  4.26286e-01  3.03096e-01  9.27534e-01  0.00000e+00  0.00000e+00
0529  1.51367e-02  4.26289e-01  3.03099e-01  9.27526e-01  0.00000e+00  0.00000e+00
0530  1.61133e-02  4.26292e-01  3.03102e-01  9.27519e-01  0.00000e+00  0.00000e+00
0531  1.70898e-02  4.26295e-01  3.03105e-01  9.27513e-01  0.00000e+00  0.00000e+00
0532  1.80664e-02  4.26297e-01  3.03107e-01  9.27508e-01  0.00000e+00  0.00000e+00
0533  1.90430e-02  4.26299e-01  3.03109e-01  9.27503e-01  0.00000e+00  0.00000e+00
0534  2.00195e-02  4.26301e-01  3.03111e-01  9.27498e-01  0.00000e+00  0.00000e+00
0535  2.09961e-02  4.26303e-01  3.03113e-01  9.27494e-01  0.00000e+00  0.00000e+00
0536  2.19727e-02  4.26304e-01  3.03114e-01  9.27491e-01  0.00000e+00  0.00000e+00
0537  2.29492e-02  4.26306e-01  3.03116e-01  9.27488e-01  0.00000e+00  0.00000e+00
0538  2.39258e-02  4.26307e-01  3.03117e-01  9.27485e-01  0.00000e+00  0.00000e+00
0539  2.49023e-02  4.26308e-01  3.03118e-01  9.27483e-01  0.00000e+00  0.00000e+00
0540  2.58789e-02  4.26309e-01  3.03119e-01  9.27481e-01  0.00000e+00  0.00000e+00
0541  2.68555e-02  4.26309e-01  3.03119e-01  9.27479e-01  0.00000e+00  0.00000e+00
0542  2.78320e-02  4.26310e-01  3.03120e-01  9.27478e-01  0.00000e+00  0.00000e+00
0543  2.88086e-02  4.26311e-01  3.03121e-01  9.27476e-01  0.00000e+00  0.00000e+00
0544  2.97852e-02  4.26311e-01  3.03121e-01  9.27475e-01  0.00000e+00  0.00000e+00
0545  3.07617e-02  4.26312e-01  3.03121e-01  9.27474e-01  0.00000e+00  0.00000e+00
0546  3.17383e-02  4.26312e-01  3.03122e-01  9.27473e-01  0.00000e+00  0.00000e+00
0547  3.27148e-02  4.26313e-01  3.03122e-01  9.27472e-01  0.00000e+00  0.00000e+00
0548  3.36914e-02  4.26313e-01  3.03123e-01  9.27472e-01  0.00000e+00  0.00000e+00
0549  3.46680e-02  4.26313e-01  3.03123e-01  9.27471e-01  0.00000e+00  0.00000e+00
0550  3.56445e-02  4.26313e-01  3.03123e-01  9.27470e-01  0.00000e+00  0.00000e+00
0551  3.66211e-02  4.26314e-01  3.03123e-01  9.27470e-01  0.00000e+00  0.00000e+00
0552  3.75977e-02  4.26314e-01  3.03124e-01  9.27469e-01  0.00000e+00  0.00000e+00
0553  3.85742e-02  4.26314e-01  3.03124e-01  9.27469e-01  0.00000e+00  0.00000e+00
0554  3.95508e-02  4.26314e-01  3.03124e-01  9.27468e-01  0.00000e+00  0.00000e+00
0555  4.05273e-02  4.26315e-01  3.03124e-01  9.27468e-01  0.00000e+00  0.00000e+00
0556  4.15039e-02  4.26315e-01  3.03124e-01  9.27467e-01  0.00000e+00  0.00000e+00
0557  4.24805e-02  4.26315e-01  3.03125e-01  9.27467e-01  0.00000e+00  0.00000e+00
0558  4.34570e-02  4.26315e-01  3.03125e-01  9.27466e-01  0.00000e+00  0.00000e+00
0559  4.44336e-02  4.26315e-01  3.03125e-01  9.27466e-01  0.00000e+00  0.00000e+00
0560  4.54102e-02  4.26316e-01  3.03125e-01  9.27466e-01  0.00000e+00  0.00000e+00
0561  4.63867e-02  4.26316e-01  3.03125e-01  9.27465e-01  0.00000e+00  0.00000e+00
0562  4.73633e-02  4.26316e-01  3.03125e-01  9.27465e-01  0.00000e+00  0.00000e+00
0563  4.83398e-02  4.26316e-01  3.03126e-01  9.27465e-01  0.00000e+00  0.00000e+00
0564  4.93164e-02  4.26316e-01  3.03126e-01  9.27464e-01  0.00000e+00  0.00000e+00
0565  5.02930e-02  4.26316e-01  3.03126e-01  9.27464e-01  0.00000e+00  0.00000e+00
0566  5.12695e-02  4.26316e-01  3.03126e-01  9.27464e-01  0.00000e+00  0.00000e+00
0567  5.22461e-02  4.26317e-01  3.03126e-01  9.27464e-01  0.00000e+00  0.00000e+00
0568  5.32227e-02  4.26317e-01  3.03126e-01  9.27463e-01  0.00000e+00  0.00000e+00
0569  5.41992e-02  4.26317e-01  3.03126e-01  9.27463e-01  0.00000e+00  0.00000e+00
0570  5.51758e-02  4.26317e-01  3.03126e-01  9.27463e-01  0.00000e+00  0.00000e+00
0571  5.61523e-02  4.26317e-01  3.03127e-01  9.27462e-01  0.00000e+00  0.00000e+00
0572  5.71289e-02  4.26317e-01  3.03127e-01  9.27462e-01  0.00000e+00  0.00000e+00
0573  5.81055e-02  4.26317e-01  3.03127e-01  9.27462e-01  0.00000e+00  0.00000e+00
0574  5.90820e-02  4.26318e-01  3.03127e-01  9.27462e-01  0.00000e+00  0.00000e+00
0575  6.00586e-02  4.26318e-01  3.03127e-01  9.27461e-01  0.00000e+00  0.00000e+00
0576  6.10352e-02  4.26318e-01  3.03127e-01  9.27461e-01  0.00000e+00  0.00000e+00
0577  6.20117e-02  4.26318e-01  3.03127e-01  9.27461e-01  0.00000e+00  0.00000e+00
0578  6.29883e-02  4.26318e-01  3.03127e-01  9.27461e-01  0.00000e+00  0.00000e+00
0579  6.39648e-02  4.26318e-01  3.03127e-01  9.27460e-01  0.00000e+00  0.00000e+00
0580  6.49414e-02  4.26318e-01  3.03127e-01  9.27460e-01  0.00000e+00  0.00000e+00
0581  6.59180e-02  4.26318e-01  3.03128e-01  9.27460e-01  0.00000e+00  0.00000e+00
0582  6.68945e-02  4.26318e-01  3.03128e-01  9.27460e-01  0.00000e+00  0.00000e+00
0583  6.78711e-02  4.26318e-01  3.03128e-01  9.27460e-01  0.00000e+00  0.00000e+00
0584  6.88477e-02  4.26319e-01  3.03128e-01  9.27460e-01  0.00000e+00  0.00000e+00
0585  6.98242e-02  4.26319e-01  3.03128e-01  9.27459e-01  0.00000e+00  0.00000e+00
0586  7.08008e-02  4.26319e-01  3.03128e-01  9.27459e-01  0.00000e+00  0.00000e+00
0587  7.17773e-02  4.26319e-01  3.03128e-01  9.27459e-01  0.00000e+00  0.00000e+00
0588  7.27539e-02  4.26319e-01  3.03128e-01  9.27459e-01  0.00000e+00  0.00000e+00
0589  7.37305e-02  4.26319e-01  3.03128e-01  9.27459e-01  0.00000e+00  0.00000e+00
0590  7.47070e-02  4.26319e-01  3.03128e-01  9.27459e-01  0.00000e+00  0.00000e+00
0591  7.56836e-02  4.26319e-01  3.03128e-01  9.27459e-01  0.00000e+00  0.00000e+00
0592  7.66602e-02  4.26319e-01  3.03128e-01  9.27459e-01  0.00000e+00  0.00000e+00
0593  7.76367e-02  4.26319e-01  3.03128e-01  9.27458e-01  0.00000e+00  0.00000e+00
0594  7.86133e-02  4.26319e-01  3.03128e-01  9.27458e-01  0.00000e+00  0.00000e+00
0595  7.95898e-02  4.26319e-01  3.03128e-01  9.27458e-01  0.00000e+00  0.00000e+00
0596  8.05664e-02  4.26319e-01  3.03128e-01  9.27458e-01  0.00000e+00  0.00000e+00
0597  8.15430e-02  4.26319e-01  3.03128e-01  9.27458e-01  0.00000e+00  0.00000e+00
0598  8.25195e-02  4.26320e-01  3.03128e-01  9.27458e-01  0.00000e+00  0.00000e+00
0599  8.34961e-02  4.26320e-01  3.03129e-01  9.27458e-01  0.00000e+00  0.00000e+00
0600  8.44727e-02  4.26320e-01  3.03129e-01  9.27458e-01  0.00000e+00  0.00000e+00
0601  8.54492e-02  4.26320e-01  3.03129e-01  9.27458e-01  0.00000e+00  0.00000e+00
0602  8.64258e-02  4.26320e-01  3.03129e-01  9.27458e-01  0.00000e+00  0.00000e+00
0603  8.74023e-02  4.26320e-01  3.03129e-01  9.27458e-01  0.00000e+00  0.00000e+00
0604  8.83789e-02  4.26320e-01  3.03129e-01  9.27458e-01  0.00000e+00  0.00000e+00
0605  8.93555e-02  4.26320e-01  3.03129e-01  9.27458e-01  0.00000e+00  0.00000e+00
0606  9.03320e-02  4.26320e-01  3.03129e-01  9.27458e-01  0.00000e+00  0.00000e+00
0607  9.13086e-02  4.26320e-01  3.03129e-01  9.27457e-01  0.00000e+00  0.00000e+00
0608  9.22852e-02  4.26320e-01  3.03129e-01  9.27457e-01  0.00000e+00  0.00000e+00
0609  9.32617e-02  4.26320e-01  3.03129e-01  9.27457e-01  0.00000e+00  0.00000e+00
0610  9.42383e-02  4.26320e-01  3.03129e-01  9.27457e-01  0.00000e+00  0.00000e+00
0611  9.52148e-02  4.26320e-01  3.03129e-01  9.27457e-01  0.00000e+00  0.00000e+00
0612  9.61914e-02  4.26320e-01  3.03129e-01  9.27457e-01  0.00000e+00  0.00000e+00
0613  9.71680e-02  4.26320e-01  3.03129e-01  9.27457e-01  0.00000e+00  0.00000e+00
0614  9.81445e-02  4.26320e-01  3.03129e-01  9.27457e-01  0.00000e+00  0.00000e+00
0615  9.91211e-02  4.26320e-01  3.03129e-01  9.27457e-01  0.00000e+00  0.00000e+00
0616  1.00098e-01  4.26320e-01  3.03129e-01  9.27457e-01  0.00000e+00  0.00000e+00
0617  1.01074e-01  4.26320e-01  3.03129e-01  9.27457e-01  0.00000e+00  0.00000e+00
0618  1.02051e-01  4.26320e-01  3.03129e-01  9.27457e-01  0.00000e+00  0.00000e+00
0619  1.03027e-01  4.26321e-01  3.03129e-01  9.27457e-01  0.00000e+00  0.00000e+00
0620  1.04004e-01  4.26321e-01  3.03129e-01  9.27457e-01  0.00000e+00  0.00000e+00
0621  1.04980e-01  4.26321e-01  3.03129e-01  9.27457e-01  0.00000e+00  0.00000e+00
0622  1.05957e-01  4.26321e-01  3.03129e-01  9.27457e-01  0.00000e+00  0.00000e+00
0623  1.06934e-01  4.26321e-01  3.03129e-01  9.27457e-01  0.00000e+00  0.00000e+00
0624  1.07910e-01  4.26321e-01  3.03129e-01  9.27457e-01  0.00000e+00  0.00000e+00
0625  1.08887e-01  4.26321e-01  3.03129e-01  9.27457e-01  0.00000e+00  0.00000e+00
0626  1.09863e-01  4.26321e-01  3.03129e-01  9.27457e-01  0.00000e+00  0.00000e+00
0627  1.10840e-01  4.26321e-01  3.03129e-01  9.27457e-01  0.00000e+00  0.00000e+00
0628  1.11816e-01  4.26321e-01  3.03129e-01  9.27457e-01  0.00000e+00  0.00000e+00
0629  1.12793e-01  4.26321e-01  3.03129e-01  9.27457e-01  0.00000e+00  0.00000e+00
0630  1.13770e-01  4.26321e-01  3.03129e-01  9.27457e-01  0.00000e+00  0.00000e+00
0631  1.14746e-01  4.26321e-01  3.03129e-01  9.27457e-01  0.00000e+00  0.00000e+00
0632  1.15723e-01  4.26321e-01  3.03129e-01  9.27457e-01  0.00000e+00  0.00000e+00
0633  1.16699e-01  4.26321e-01  3.03129e-01  9.27456e-01  0.00000e+00  0.00000e+00
0634  1.17676e-01  4.26321e-01  3.03129e-01  9.27456e-01  0.00000e+00  0.00000e+00
0635  1.18652e-01  4.26321e-01  3.03129e-01  9.27456e-01  0.00000e+00  0.00000e+00
0636  1.19629e-01  4.26321e-01  3.03129e-01  9.27456e-01  0.00000e+00  0.00000e+00
0637  1.20605e-01  4.26322e-01  3.03129e-01  9.27456e-01  0.00000e+00  0.00000e+00
0638  1.21582e-01  4.26322e-01  3.03129e-01  9.27456e-01  0.00000e+00  0.00000e+00
0639  1.22559e-01  4.26322e-01  3.03129e-01  9.27456e-01  0.00000e+00  0.00000e+00
0640  1.23535e-01  4.26322e-01  3.03129e-01  9.27456e-01  0.00000e+00  0.00000e+00
0641  1.24512e-01  4.26322e-01  3.03129e-01  9.27456e-01  0.00000e+00  0.00000e+00
0642  1.25488e-01  4.26322e-01  3.03129e-01  9.27456e-01  0.00000e+00  0.00000e+00
0643  1.26465e-01  4.26322e-01  3.03129e-01  9.27456e-01  0.00000e+00  0.00000e+00
0644  1.27441e-01  4.26322e-01  3.03129e-01  9.27456e-01  0.00000e+00  0.00000e+00
0645  1.28418e-01  4.26322e-01  3.03129e-01  9.27456e-01  0.00000e+00  0.00000e+00
0646  1.29395e-01  4.26322e-01  3.03129e-01  9.27456e-01  0.00000e+00  0.00000e+00
0647  1.30371e-01  4.26322e-01  3.03129e-01  9.27456e-01  0.00000e+00  0.00000e+00
0648  1.31348e-01  4.26322e-01  3.03130e-01  9.27456e-01  0.00000e+00  0.00000e+00
0649  1.32324e-01  4.26322e-01  3.03130e-01  9.27456e-01  0.00000e+00  0.00000e+00
0650  1.33301e-01  4.26322e-01  3.03130e-01  9.27456e-01  0.00000e+00  0.00000e+00
0651  1.34277e-01  4.26323e-01  3.03130e-01  9.27456e-01  0.00000e+00  0.00000e+00
0652  1.35254e-01  4.26323e-01  3.03130e-01  9.27456e-01  0.00000e+00  0.00000e+00
0653  1.36230e-01  4.26323e-01  3.03130e-01  9.27456e-01  0.00000e+00  0.00000e+00
0654  1.37207e-01  4.26323e-01  3.03130e-01  9.27456e-01  0.00000e+00  0.00000e+00
0655  1.38184e-01  4.26323e-01  3.03130e-01  9.27456e-01  0.00000e+00  0.00000e+00
0656  1.39160e-01  4.26323e-01  3.03130e-01  9.27456e-01  0.00000e+00  0.00000e+00
0657  1.40137e-01  4.26323e-01  3.03130e-01  9.27456e-01  0.00000e+00  0.00000e+00
0658  1.41113e-01  4.26323e-01  3.03130e-01  9.27456e-01  0.00000e+00  0.00000e+00
0659  1.42090e-01  4.26323e-01  3.03130e-01  9.27456e-01  0.00000e+00  0.00000e+00
0660  1.43066e-01  4.26323e-01  3.03130e-01  9.27456e-01  0.00000e+00  0.00000e+00
0661  1.44043e-01  4.26323e-01  3.03130e-01  9.27456e-01  0.00000e+00  0.00000e+00
0662  1.45020e-01  4.26324e-01  3.03130e-01  9.27456e-01  0.00000e+00  0.00000e+00
0663  1.45996e-01  4.26324e-01  3.03130e-01  9.27456e-01  0.00000e+00  0.00000e+00
0664  1.46973e-01  4.26324e-01  3.03130e-01  9.27456e-01  0.00000e+00  0.00000e+00
0665  1.47949e-01  4.26324e-01  3.03130e-01  9.27456e-01  0.00000e+00  0.00000e+00
0666  1.48926e-01  4.26324e-01  3.03130e-01  9.27456e-01  0.00000e+00  0.00000e+00
0667  1.49902e-01  4.26324e-01  3.03130e-01  9.27456e-01  0.00000e+00  0.00000e+00
0668  1.50879e-01  4.26324e-01  3.03130e-01  9.27456e-01  0.00000e+00  0.00000e+00
0669  1.51855e-01  4.26324e-01  3.03130e-01  9.27456e-01  0.00000e+00  0.00000e+00
0670  1.52832e-01  4.26324e-01  3.03130e-01  9.27456e-01  0.00000e+00  0.00000e+00
0671  1.53809e-01  4.26325e-01  3.03130e-01  9.27456e-01  0.00000e+00  0.00000e+00
0672  1.54785e-01  4.26325e-01  3.03130e-01  9.27456e-01  0.00000e+00  0.00000e+00
0673  1.55762e-01  4.26325e-01  3.03130e-01  9.27456e-01  0.00000e+00  0.00000e+00
0674  1.56738e-01  4.26325e-01  3.03130e-01  9.27456e-01  0.00000e+00  0.00000e+00
0675  1.57715e-01  4.26325e-01  3.03130e-01  9.27456e-01  0.00000e+00  0.00000e+00
0676  1.58691e-01  4.26325e-01  3.03130e-01  9.27456e-01  0.00000e+00  0.00000e+00
0677  1.59668e-01  4.26325e-01  3.03130e-01  9.27456e-01  0.00000e+00  0.00000e+00
0678  1.60645e-01  4.26325e-01  3.03130e-01  9.27456e-01  0.00000e+00  0.00000e+00
0679  1.61621e-01  4.26326e-01  3.03130e-01  9.27456e-01  0.00000e+00  0.00000e+00
0680  1.62598e-01  4.26326e-01  3.03130e-01  9.27456e-01  0.00000e+00  0.00000e+00
0681  1.63574e-01  4.26326e-01  3.03130e-01  9.27456e-01  0.00000e+00  0.00000e+00
0682  1.64551e-01  4.26326e-01  3.03130e-01  9.27456e-01  0.00000e+00  0.00000e+00
0683  1.65527e-01  4.26326e-01  3.03130e-01  9.27456e-01  0.00000e+00  0.00000e+00
0684  1.66504e-01  4.26327e-01  3.03130e-01  9.27455e-01  0.00000e+00  0.00000e+00
0685  1.67480e-01  4.26327e-01  3.03130e-01  9.27455e-01  0.00000e+00  0.00000e+00
0686  1.68457e-01  4.26327e-01  3.03130e-01  9.27455e-01  0.00000e+00  0.00000e+00
0687  1.69434e-01  4.26327e-01  3.03130e-01  9.27455e-01  0.00000e+00  0.00000e+00
0688  1.70410e-01  4.26327e-01  3.03130e-01  9.27455e-01  0.00000e+00  0.00000e+00
0689  1.71387e-01  4.26328e-01  3.03130e-01  9.27455e-01  0.00000e+00  0.00000e+00
0690  1.72363e-01  4.26328e-01  3.03130e-01  9.27455e-01  0.00000e+00  0.00000e+00
0691  1.73340e-01  4.26328e-01  3.03130e-01  9.27455e-01  0.00000e+00  0.00000e+00
0692  1.74316e-01  4.26328e-01  3.03130e-01  9.27455e-01  0.00000e+00  0.00000e+00
0693  1.75293e-01  4.26329e-01  3.03130e-01  9.27455e-01  0.00000e+00  0.00000e+00
0694  1.76270e-01  4.26329e-01  3.03130e-01  9.27455e-01  0.00000e+00  0.00000e+00
0695  1.77246e-01  4.26329e-01  3.03130e-01  9.27455e-01  0.00000e+00  0.00000e+00
0696  1.78223e-01  4.26329e-01  3.03130e-01  9.27455e-01  0.00000e+00  0.00000e+00
0697  1.79199e-01  4.26330e-01  3.03130e-01  9.27455e-01  0.00000e+00  0.00000e+00
0698  1.80176e-01  4.26330e-01  3.03130e-01  9.27455e-01  0.00000e+00  0.00000e+00
0699  1.81152e-01  4.26330e-01  3.03130e-01  9.27455e-01  0.00000e+00  0.00000e+00
0700  1.82129e-01  4.26331e-01  3.03130e-01  9.27455e-01  0.00000e+00  0.00000e+00
0701  1.83105e-01  4.26331e-01  3.03130e-01  9.27455e-01  0.00000e+00  0.00000e+00
0702  1.84082e-01  4.26332e-01  3.03130e-01  9.27455e-01  0.00000e+00  0.00000e+00
0703  1.85059e-01  4.26332e-01  3.03130e-01  9.27455e-01  0.00000e+00  0.00000e+00
0704  1.86035e-01  4.26332e-01  3.03130e-01  9.27455e-01  0.00000e+00  0.00000e+00
0705  1.87012e-01  4.26333e-01  3.03130e-01  9.27455e-01  0.00000e+00  0.00000e+00
0706  1.87988e-01  4.26333e-01  3.03130e-01  9.27455e-01  0.00000e+00  0.00000e+00
0707  1.88965e-01  4.26334e-01  3.03130e-01  9.27455e-01  0.00000e+00  0.00000e+00
0708  1.89941e-01  4.26335e-01  3.03130e-01  9.27455e-01  0.00000e+00  0.00000e+00
0709  1.90918e-01  4.26335e-01  3.03130e-01  9.27455e-01  0.00000e+00  0.00000e+00
0710  1.91895e-01  4.26336e-01  3.03130e-01  9.27455e-01  0.00000e+00  0.00000e+00
0711  1.92871e-01  4.26337e-01  3.03130e-01  9.27455e-01  0.00000e+00  0.00000e+00
0712  1.93848e-01  4.26337e-01  3.03130e-01  9.27455e-01  0.00000e+00  0.00000e+00
0713  1.94824e-01  4.26338e-01  3.03130e-01  9.27455e-01  0.00000e+00  0.00000e+00
0714  1.95801e-01  4.26339e-01  3.03130e-01  9.27455e-01  0.00000e+00  0.00000e+00
0715  1.96777e-01  4.26340e-01  3.03130e-01  9.27455e-01  0.00000e+00  0.00000e+00
0716  1.97754e-01  4.26341e-01  3.03130e-01  9.27455e-01  0.00000e+00  0.00000e+00
0717  1.98730e-01  4.26342e-01  3.03130e-01  9.27455e-01  0.00000e+00  0.00000e+00
0718  1.99707e-01  4.26343e-01  3.03130e-01  9.27455e-01  0.00000e+00  0.00000e+00
0719  2.00684e-01  4.26345e-01  3.03130e-01  9.27455e-01  0.00000e+00  0.00000e+00
0720  2.01660e-01  4.26346e-01  3.03130e-01  9.27455e-01  0.00000e+00  0.00000e+00
0721  2.02637e-01  4.26348e-01  3.03130e-01  9.27455e-01  0.00000e+00  0.00000e+00
0722  2.03613e-01  4.26349e-01  3.03130e-01  9.27455e-01  0.00000e+00  0.00000e+00
0723  2.04590e-01  4.26350e-01  3.03130e-01  9.27455e-01  0.00000e+00  0.00000e+00
0724  2.05566e-01  4.26350e-01  3.03130e-01  9.27455e-01  0.00000e+00  0.00000e+00
0725  2.06543e-01  4.26350e-01  3.03130e-01  9.27455e-01  0.00000e+00  0.00000e+00
0726  2.07520e-01  4.26350e-01  3.03130e-01  9.27455e-01  0.00000e+00  0.00000e+00
0727  2.08496e-01  4.26350e-01  3.03130e-01  9.27455e-01  0.00000e+00  0.00000e+00
0728  2.09473e-01  4.26350e-01  3.03130e-01  9.27455e-01  0.00000e+00  0.00000e+00
0729  2.10449e-01  4.26350e-01  3.03130e-01  9.27455e-01  0.00000e+00  0.00000e+00
0730  2.11426e-01  4.26350e-01  3.03130e-01  9.27455e-01  0.00000e+00  0.00000e+00
0731  2.12402e-01  4.26349e-01  3.03130e-01  9.27455e-01  0.00000e+00  0.00000e+00
0732  2.13379e-01  4.26349e-01  3.03130e-01  9.27455e-01  0.00000e+00  0.00000e+00
0733  2.14355e-01  4.26347e-01  3.03130e-01  9.27455e-01  0.00000e+00  0.00000e+00
0734  2.15332e-01  4.26344e-01  3.03130e-01  9.27455e-01  0.00000e+00  0.00000e+00
0735  2.16309e-01  4.26337e-01  3.03130e-01  9.27455e-01  0.00000e+00  0.00000e+00
0736  2.17285e-01  4.26325e-01  3.03130e-01  9.27455e-01  0.00000e+00  0.00000e+00
0737  2.18262e-01  4.26300e-01  3.03130e-01  9.27455e-01  0.00000e+00  0.00000e+00
0738  2.19238e-01  4.26252e-01  3.03130e-01  9.27455e-01  0.00000e+00  0.00000e+00
0739  2.20215e-01  4.26159e-01  3.03130e-01  9.27455e-01  0.00000e+00  0.00000e+00
0740  2.21191e-01  4.25982e-01  3.03130e-01  9.27455e-01  0.00000e+00  0.00000e+00
0741  2.22168e-01  4.25648e-01  3.03130e-01  9.27455e-01  0.00000e+00  0.00000e+00
0742  2.23145e-01  4.25035e-01  3.03130e-01  9.27455e-01  0.00000e+00  0.00000e+00
0743  2.24121e-01  4.23937e-01  3.03130e-01  9.27455e-01  0.00000e+00  0.00000e+00
0744  2.25098e-01  4.22030e-01  3.03130e-01  9.27455e-01  0.00000e+00  0.00000e+00
0745  2.26074e-01  4.18839e-01  3.03130e-01  9.27455e-01  0.00000e+00  0.00000e+00
0746  2.27051e-01  4.13728e-01  3.03130e-01  9.27455e-01  0.00000e+00  0.00000e+00
0747  2.28027e-01  4.05950e-01  3.03130e-01  9.27455e-01  0.00000e+00  0.00000e+00
0748  2.29004e-01  3.94805e-01  3.03131e-01  9.27455e-01  0.00000e+00  0.00000e+00
0749  2.29980e-01  3.79924e-01  3.03131e-01  9.27455e-01  0.00000e+00  0.00000e+00
0750  2.30957e-01  3.61629e-01  3.03131e-01  9.27455e-01  0.00000e+00  0.00000e+00
0751  2.31934e-01  3.41176e-01  3.03131e-01  9.27455e-01  0.00000e+00  0.00000e+00
0752  2.32910e-01  3.20635e-01  3.03131e-01  9.27455e-01  0.00000e+00  0.00000e+00
0753  2.33887e-01  3.02283e-01  3.03131e-01  9.27455e-01  0.00000e+00  0.00000e+00
0754  2.34863e-01  2.87794e-01  3.03131e-01  9.27455e-01  0.00000e+00  0.00000e+00
0755  2.35840e-01  2.77708e-01  3.03131e-01  9.27455e-01  0.00000e+00  0.00000e+00
0756  2.36816e-01  2.71507e-01  3.03131e-01  9.27455e-01  0.00000e+00  0.00000e+00
0757  2.37793e-01  2.68125e-01  3.03131e-01  9.27455e-01  0.00000e+00  0.00000e+00
0758  2.38770e-01  2.66478e-01  3.03131e-01  9.27455e-01  0.00000e+00  0.00000e+00
0759  2.39746e-01  2.65761e-01  3.03131e-01  9.27455e-01  0.00000e+00  0.00000e+00
0760  2.40723e-01  2.65484e-01  3.03131e-01  9.27456e-01  0.00000e+00  0.00000e+00
0761  2.41699e-01  2.65391e-01  3.03131e-01  9.27456e-01  0.00000e+00  0.00000e+00
0762  2.42676e-01  2.65366e-01  3.03131e-01  9.27456e-01  0.00000e+00  0.00000e+00
0763  2.43652e-01  2.65363e-01  3.03131e-01  9.27456e-01  0.00000e+00  0.00000e+00
0764  2.44629e-01  2.65363e-01  3.03131e-01  9.27456e-01  0.00000e+00  0.00000e+00
0765  2.45605e-01  2.65368e-01  3.03131e-01  9.27456e-01  0.00000e+00  0.00000e+00
0766  2.46582e-01  2.65382e-01  3.03131e-01  9.27456e-01  0.00000e+00  0.00000e+00
0767  2.47559e-01  2.65409e-01  3.03131e-01  9.27456e-01  0.00000e+00  0.00000e+00
0768  2.48535e-01  2.65444e-01  3.03131e-01  9.27456e-01  0.00000e+00  0.00000e+00
0769  2.49512e-01  2.65479e-01  3.03131e-01  9.27456e-01  0.00000e+00  0.00000e+00
0770  2.50488e-01  2.65507e-01  3.03131e-01  9.27456e-01  0.00000e+00  0.00000e+00
0771  2.51465e-01  2.65526e-01  3.03131e-01  9.27456e-01  0.00000e+00  0.00000e+00
0772  2.52441e-01  2.65538e-01  3.03131e-01  9.27456e-01  0.00000e+00  0.00000e+00
0773  2.53418e-01  2.65545e-01  3.03131e-01  9.27456e-01  0.00000e+00  0.00000e+00
0774  2.54395e-01  2.65550e-01  3.03131e-01  9.27456e-01  0.00000e+00  0.00000e+00
0775  2.55371e-01  2.65552e-01  3.03131e-01  9.27456e-01  0.00000e+00  0.00000e+00
0776  2.56348e-01  2.65554e-01  3.03131e-01  9.27456e-01  0.00000e+00  0.00000e+00
0777  2.57324e-01  2.65555e-01  3.03131e-01  9.27456e-01  0.00000e+00  0.00000e+00
0778  2.58301e-01  2.65556e-01  3.03131e-01  9.27456e-01  0.00000e+00  0.00000e+00
0779  2.59277e-01  2.65557e-01  3.03131e-01  9.27456e-01  0.00000e+00  0.00000e+00
0780  2.60254e-01  2.65558e-01  3.03131e-01  9.27456e-01  0.00000e+00  0.00000e+00
0781  2.61230e-01  2.65559e-01  3.03131e-01  9.27456e-01  0.00000e+00  0.00000e+00
0782  2.62207e-01  2.65560e-01  3.03131e-01  9.27456e-01  0.00000e+00  0.00000e+00
0783  2.63184e-01  2.65560e-01  3.03131e-01  9.27456e-01  0.00000e+00  0.00000e+00
0784  2.64160e-01  2.65561e-01  3.03131e-01  9.27456e-01  0.00000e+00  0.00000e+00
0785  2.65137e-01  2.65562e-01  3.03131e-01  9.27456e-01  0.00000e+00  0.00000e+00
0786  2.66113e-01  2.65562e-01  3.03131e-01  9.27456e-01  0.00000e+00  0.00000e+00
0787  2.67090e-01  2.65563e-01  3.03131e-01  9.27456e-01  0.00000e+00  0.00000e+00
0788  2.68066e-01  2.65564e-01  3.03131e-01  9.27456e-01  0.00000e+00  0.00000e+00
0789  2.69043e-01  2.65564e-01  3.03131e-01  9.27456e-01  0.00000e+00  0.00000e+00
0790  2.70020e-01  2.65565e-01  3.03131e-01  9.27456e-01  0.00000e+00  0.00000e+00
0791  2.70996e-01  2.65566e-01  3.03131e-01  9.27456e-01  0.00000e+00  0.00000e+00
0792  2.71973e-01  2.65566e-01  3.03131e-01  9.27456e-01  0.00000e+00  0.00000e+00
0793  2.72949e-01  2.65567e-01  3.03131e-01  9.27456e-01  0.00000e+00  0.00000e+00
0794  2.73926e-01  2.65567e-01  3.03131e-01  9.27456e-01  0.00000e+00  0.00000e+00
0795  2.74902e-01  2.65567e-01  3.03131e-01  9.27456e-01  0.00000e+00  0.00000e+00
0796  2.75879e-01  2.65568e-01  3.03131e-01  9.27456e-01  0.00000e+00  0.00000e+00
0797  2.76855e-01  2.65568e-01  3.03131e-01  9.27456e-01  0.00000e+00  0.00000e+00
0798  2.77832e-01  2.65568e-01  3.03131e-01  9.27456e-01  0.00000e+00  0.00000e+00
0799  2.78809e-01  2.65569e-01  3.03131e-01  9.27456e-01  0.00000e+00  0.00000e+00
0800  2.79785e-01  2.65569e-01  3.03131e-01  9.27456e-01  0.00000e+00  0.00000e+00
0801  2.80762e-01  2.65569e-01  3.03131e-01  9.27456e-01  0.00000e+00  0.00000e+00
0802  2.81738e-01  2.65569e-01  3.03131e-01  9.27456e-01  0.00000e+00  0.00000e+00
0803  2.82715e-01  2.65569e-01  3.03131e-01  9.27456e-01  0.00000e+00  0.00000e+00
0804  2.83691e-01  2.65569e-01  3.03131e-01  9.27456e-01  0.00000e+00  0.00000e+00
0805  2.84668e-01  2.65570e-01  3.03131e-01  9.27456e-01  0.00000e+00  0.00000e+00
0806  2.85645e-01  2.65570e-01  3.03131e-01  9.27456e-01  0.00000e+00  0.00000e+00
0807  2.86621e-01  2.65570e-01  3.03131e-01  9.27456e-01  0.00000e+00  0.00000e+00
0808  2.87598e-01  2.65570e-01  3.03131e-01  9.27456e-01  0.00000e+00  0.00000e+00
0809  2.88574e-01  2.65570e-01  3.03131e-01  9.27456e-01  0.00000e+00  0.00000e+00
0810  2.89551e-01  2.65570e-01  3.03131e-01  9.27456e-01  0.00000e+00  0.00000e+00
0811  2.90527e-01  2.65570e-01  3.03131e-01  9.27456e-01  0.00000e+00  0.00000e+00
0812  2.91504e-01  2.65570e-01  3.03131e-01  9.27456e-01  0.00000e+00  0.00000e+00
0813  2.92480e-01  2.65570e-01  3.03131e-01  9.27456e-01  0.00000e+00  0.00000e+00
0814  2.93457e-01  2.65570e-01  3.03131e-01  9.27456e-01  0.00000e+00  0.00000e+00
0815  2.94434e-01  2.65570e-01  3.03131e-01  9.27456e-01  0.00000e+00  0.00000e+00
0816  2.95410e-01  2.65571e-01  3.03131e-01  9.27456e-01  0.00000e+00  0.00000e+00
0817  2.96387e-01  2.65571e-01  3.03131e-01  9.27456e-01  0.00000e+00  0.00000e+00
0818  2.97363e-01  2.65571e-01  3.03131e-01  9.27456e-01  0.00000e+00  0.00000e+00
0819  2.98340e-01  2.65571e-01  3.03131e-01  9.27456e-01  0.00000e+00  0.00000e+00
0820  2.99316e-01  2.65571e-01  3.03131e-01  9.27456e-01  0.00000e+00  0.00000e+00
0821  3.00293e-01  2.65571e-01  3.03131e-01  9.27456e-01  0.00000e+00  0.00000e+00
0822  3.01270e-01  2.65571e-01  3.03131e-01  9.27456e-01  0.00000e+00  0.00000e+00
0823  3.02246e-01  2.65571e-01  3.03131e-01  9.27456e-01  0.00000e+00  0.00000e+00
0824  3.03223e-01  2.65571e-01  3.03131e-01  9.27456e-01  0.00000e+00  0.00000e+00
0825  3.04199e-01  2.65571e-01  3.03131e-01  9.27457e-01  0.00000e+00  0.00000e+00
0826  3.05176e-01  2.65571e-01  3.03131e-01  9.27457e-01  0.00000e+00  0.00000e+00
0827  3.06152e-01  2.65571e-01  3.03131e-01  9.27457e-01  0.00000e+00  0.00000e+00
0828  3.07129e-01  2.65572e-01  3.03131e-01  9.27457e-01  0.00000e+00  0.00000e+00
0829  3.08105e-01  2.65572e-01  3.03131e-01  9.27457e-01  0.00000e+00  0.00000e+00
0830  3.09082e-01  2.65572e-01  3.03131e-01  9.27457e-01  0.00000e+00  0.00000e+00
0831  3.10059e-01  2.65572e-01  3.03131e-01  9.27457e-01  0.00000e+00  0.00000e+00
0832  3.11035e-01  2.65572e-01  3.03131e-01  9.27457e-01  0.00000e+00  0.00000e+00
0833  3.12012e-01  2.65572e-01  3.03131e-01  9.27457e-01  0.00000e+00  0.00000e+00
0834  3.12988e-01  2.65572e-01  3.03131e-01  9.27457e-01  0.00000e+00  0.00000e+00
0835  3.13965e-01  2.65572e-01  3.03131e-01  9.27457e-01  0.00000e+00  0.00000e+00
0836  3.14941e-01  2.65572e-01  3.03131e-01  9.27457e-01  0.00000e+00  0.00000e+00
0837  3.15918e-01  2.65572e-01  3.03131e-01  9.27457e-01  0.00000e+00  0.00000e+00
0838  3.16895e-01  2.65572e-01  3.03131e-01  9.27457e-01  0.00000e+00  0.00000e+00
0839  3.17871e-01  2.65572e-01  3.03131e-01  9.27457e-01  0.00000e+00  0.00000e+00
0840  3.18848e-01  2.65572e-01  3.03131e-01  9.27457e-01  0.00000e+00  0.00000e+00
0841  3.19824e-01  2.65572e-01  3.03131e-01  9.27457e-01  0.00000e+00  0.00000e+00
0842  3.20801e-01  2.65572e-01  3.03131e-01  9.27457e-01  0.00000e+00  0.00000e+00
0843  3.21777e-01  2.65572e-01  3.03131e-01  9.27457e-01  0.00000e+00  0.00000e+00
0844  3.22754e-01  2.65572e-01  3.03131e-01  9.27457e-01  0.00000e+00  0.00000e+00
0845  3.23730e-01  2.65572e-01  3.03131e-01  9.27457e-01  0.00000e+00  0.00000e+00
0846  3.24707e-01  2.65572e-01  3.03131e-01  9.27457e-01  0.00000e+00  0.00000e+00
0847  3.25684e-01  2.65573e-01  3.03131e-01  9.27457e-01  0.00000e+00  0.00000e+00
0848  3.26660e-01  2.65573e-01  3.03131e-01  9.27457e-01  0.00000e+00  0.00000e+00
0849  3.27637e-01  2.65573e-01  3.03131e-01  9.27457e-01  0.00000e+00  0.00000e+00
0850  3.28613e-01  2.65573e-01  3.03131e-01  9.27457e-01  0.00000e+00  0.00000e+00
0851  3.29590e-01  2.65573e-01  3.03131e-01  9.27457e-01  0.00000e+00  0.00000e+00
0852  3.30566e-01  2.65573e-01  3.03131e-01  9.27457e-01  0.00000e+00  0.00000e+00
0853  3.31543e-01  2.65573e-01  3.03131e-01  9.27457e-01  0.00000e+00  0.00000e+00
0854  3.32520e-01  2.65573e-01  3.03131e-01  9.27457e-01  0.00000e+00  0.00000e+00
0855  3.33496e-01  2.65573e-01  3.03131e-01  9.27457e-01  0.00000e+00  0.00000e+00
0856  3.34473e-01  2.65573e-01  3.03131e-01  9.27457e-01  0.00000e+00  0.00000e+00
0857  3.35449e-01  2.65573e-01  3.03131e-01  9.27457e-01  0.00000e+00  0.00000e+00
0858  3.36426e-01  2.65573e-01  3.03131e-01  9.27457e-01  0.00000e+00  0.00000e+00
0859  3.37402e-01  2.65573e-01  3.03131e-01  9.27458e-01  0.00000e+00  0.00000e+00
0860  3.38379e-01  2.65573e-01  3.03131e-01  9.27458e-01  0.00000e+00  0.00000e+00
0861  3.39355e-01  2.65573e-01  3.03132e-01  9.27458e-01  0.00000e+00  0.00000e+00
0862  3.40332e-01  2.65573e-01  3.03132e-01  9.27458e-01  0.00000e+00  0.00000e+00
0863  3.41309e-01  2.65573e-01  3.03132e-01  9.27458e-01  0.00000e+00  0.00000e+00
0864  3.42285e-01  2.65573e-01  3.03132e-01  9.27458e-01  0.00000e+00  0.00000e+00
0865  3.43262e-01  2.65573e-01  3.03132e-01  9.27458e-01  0.00000e+00  0.00000e+00
0866  3.44238e-01  2.65573e-01  3.03132e-01  9.27458e-01  0.00000e+00  0.00000e+00
0867  3.45215e-01  2.65573e-01  3.03132e-01  9.27458e-01  0.00000e+00  0.00000e+00
0868  3.46191e-01  2.65573e-01  3.03132e-01  9.27458e-01  0.00000e+00  0.00000e+00
0869  3.47168e-01  2.65573e-01  3.03132e-01  9.27458e-01  0.00000e+00  0.00000e+00
0870  3.48145e-01  2.65573e-01  3.03132e-01  9.27458e-01  0.00000e+00  0.00000e+00
0871  3.49121e-01  2.65573e-01  3.03132e-01  9.27458e-01  0.00000e+00  0.00000e+00
0872  3.50098e-01  2.65573e-01  3.03132e-01  9.27458e-01  0.00000e+00  0.00000e+00
0873  3.51074e-01  2.65573e-01  3.03132e-01  9.27458e-01  0.00000e+00  0.00000e+00
0874  3.52051e-01  2.65573e-01  3.03132e-01  9.27458e-01  0.00000e+00  0.00000e+00
0875  3.53027e-01  2.65573e-01  3.03132e-01  9.27458e-01  0.00000e+00  0.00000e+00
0876  3.54004e-01  2.65573e-01  3.03132e-01  9.27458e-01  0.00000e+00  0.00000e+00
0877  3.54980e-01  2.65573e-01  3.03132e-01  9.27458e-01  0.00000e+00  0.00000e+00
0878  3.55957e-01  2.65574e-01  3.03132e-01  9.27458e-01  0.00000e+00  0.00000e+00
0879  3.56934e-01  2.65574e-01  3.03132e-01  9.27458e-01  0.00000e+00  0.00000e+00
0880  3.57910e-01  2.65574e-01  3.03132e-01  9.27458e-01  0.00000e+00  0.00000e+00
0881  3.58887e-01  2.65574e-01  3.03132e-01  9.27459e-01  0.00000e+00  0.00000e+00
0882  3.59863e-01  2.65574e-01  3.03132e-01  9.27459e-01  0.00000e+00  0.00000e+00
0883  3.60840e-01  2.65574e-01  3.03132e-01  9.27459e-01  0.00000e+00  0.00000e+00
0884  3.61816e-01  2.65574e-01  3.03132e-01  9.27459e-01  0.00000e+00  0.00000e+00
0885  3.62793e-01  2.65574e-01  3.03132e-01  9.27459e-01  0.00000e+00  0.00000e+00
0886  3.63770e-01  2.65574e-01  3.03132e-01  9.27459e-01  0.00000e+00  0.00000e+00
0887  3.64746e-01  2.65574e-01  3.03132e-01  9.27459e-01  0.00000e+00  0.00000e+00
0888  3.65723e-01  2.65574e-01  3.03132e-01  9.27459e-01  0.00000e+00  0.00000e+00
0889  3.66699e-01  2.65574e-01  3.03132e-01  9.27459e-01  0.00000e+00  0.00000e+00
0890  3.67676e-01  2.65574e-01  3.03132e-01  9.27459e-01  0.00000e+00  0.00000e+00
0891  3.68652e-01  2.65574e-01  3.03132e-01  9.27459e-01  0.00000e+00  0.00000e+00
0892  3.69629e-01  2.65574e-01  3.03132e-01  9.27459e-01  0.00000e+00  0.00000e+00
0893  3.70605e-01  2.65574e-01  3.03132e-01  9.27459e-01  0.00000e+00  0.00000e+00
0894  3.71582e-01  2.65574e-01  3.03132e-01  9.27459e-01  0.00000e+00  0.00000e+00
0895  3.72559e-01  2.65574e-01  3.03132e-01  9.27459e-01  0.00000e+00  0.00000e+00
0896  3.73535e-01  2.65574e-01  3.03132e-01  9.27459e-01  0.00000e+00  0.00000e+00
0897  3.74512e-01  2.65574e-01  3.03132e-01  9.27459e-01  0.00000e+00  0.00000e+00
0898  3.75488e-01  2.65574e-01  3.03132e-01  9.27460e-01  0.00000e+00  0.00000e+00
0899  3.76465e-01  2.65574e-01  3.03132e-01  9.27460e-01  0.00000e+00  0.00000e+00
0900  3.77441e-01  2.65574e-01  3.03132e-01  9.27460e-01  0.00000e+00  0.00000e+00
0901  3.78418e-01  2.65574e-01  3.03132e-01  9.27460e-01  0.00000e+00  0.00000e+00
0902  3.79395e-01  2.65574e-01  3.03132e-01  9.27460e-01  0.00000e+00  0.00000e+00
0903  3.80371e-01  2.65574e-01  3.03132e-01  9.27460e-01  0.00000e+00  0.00000e+00
0904  3.81348e-01  2.65574e-01  3.03132e-01  9.27460e-01  0.00000e+00  0.00000e+00
0905  3.82324e-01  2.65574e-01  3.03132e-01  9.27460e-01  0.00000e+00  0.00000e+00
0906  3.83301e-01  2.65574e-01  3.03132e-01  9.27460e-01  0.00000e+00  0.00000e+00
0907  3.84277e-01  2.65574e-01  3.03132e-01  9.27460e-01  0.00000e+00  0.00000e+00
0908  3.85254e-01  2.65574e-01  3.03132e-01  9.27460e-01  0.00000e+00  0.00000e+00
0909  3.86230e-01  2.65574e-01  3.03133e-01  9.27460e-01  0.00000e+00  0.00000e+00
0910  3.87207e-01  2.65574e-01  3.03133e-01  9.27461e-01  0.00000e+00  0.00000e+00
0911  3.88184e-01  2.65574e-01  3.03133e-01  9.27461e-01  0.00000e+00  0.00000e+00
0912  3.89160e-01  2.65574e-01  3.03133e-01  9.27461e-01  0.00000e+00  0.00000e+00
0913  3.90137e-01  2.65574e-01  3.03133e-01  9.27461e-01  0.00000e+00  0.00000e+00
0914  3.91113e-01  2.65575e-01  3.03133e-01  9.27461e-01  0.00000e+00  0.00000e+00
0915  3.92090e-01  2.65575e-01  3.03133e-01  9.27461e-01  0.00000e+00  0.00000e+00
0916  3.93066e-01  2.65575e-01  3.03133e-01  9.27461e-01  0.00000e+00  0.00000e+00
0917  3.94043e-01  2.65575e-01  3.03133e-01  9.27461e-01  0.00000e+00  0.00000e+00
0918  3.95020e-01  2.65575e-01  3.03133e-01  9.27461e-01  0.00000e+00  0.00000e+00
0919  3.95996e-01  2.65575e-01  3.03133e-01  9.27461e-01  0.00000e+00  0.00000e+00
0920  3.96973e-01  2.65575e-01  3.03133e-01  9.27461e-01  0.00000e+00  0.00000e+00
0921  3.97949e-01  2.65575e-01  3.03133e-01  9.27462e-01  0.00000e+00  0.00000e+00
0922  3.98926e-01  2.65575e-01  3.03133e-01  9.27462e-01  0.00000e+00  0.00000e+00
0923  3.99902e-01  2.65575e-01  3.03133e-01  9.27462e-01  0.00000e+00  0.00000e+00
0924  4.00879e-01  2.65575e-01  3.03133e-01  9.27462e-01  0.00000e+00  0.00000e+00
0925  4.01855e-01  2.65575e-01  3.03133e-01  9.27462e-01  0.00000e+00  0.00000e+00
0926  4.02832e-01  2.65575e-01  3.03133e-01  9.27462e-01  0.00000e+00  0.00000e+00
0927  4.03809e-01  2.65575e-01  3.03133e-01  9.27462e-01  0.00000e+00  0.00000e+00
0928  4.04785e-01  2.65575e-01  3.03133e-01  9.27462e-01  0.00000e+00  0.00000e+00
0929  4.05762e-01  2.65575e-01  3.03133e-01  9.27463e-01  0.00000e+00  0.00000e+00
0930  4.06738e-01  2.65575e-01  3.03133e-01  9.27463e-01  0.00000e+00  0.00000e+00
0931  4.07715e-01  2.65575e-01  3.03133e-01  9.27463e-01  0.00000e+00  0.00000e+00
0932  4.08691e-01  2.65575e-01  3.03133e-01  9.27463e-01  0.00000e+00  0.00000e+00
0933  4.09668e-01  2.65575e-01  3.03133e-01  9.27463e-01  0.00000e+00  0.00000e+00
0934  4.10645e-01  2.65575e-01  3.03133e-01  9.27463e-01  0.00000e+00  0.00000e+00
0935  4.11621e-01  2.65575e-01  3.03134e-01  9.27463e-01  0.00000e+00  0.00000e+00
0936  4.12598e-01  2.65575e-01  3.03134e-01  9.27463e-01  0.00000e+00  0.00000e+00
0937  4.13574e-01  2.65575e-01  3.03134e-01  9.27464e-01  0.00000e+00  0.00000e+00
0938  4.14551e-01  2.65575e-01  3.03134e-01  9.27464e-01  0.00000e+00  0.00000e+00
0939  4.15527e-01  2.65575e-01  3.03134e-01  9.27464e-01  0.00000e+00  0.00000e+00
0940  4.16504e-01  2.65575e-01  3.03134e-01  9.27464e-01  0.00000e+00  0.00000e+00
0941  4.17480e-01  2.65575e-01  3.03134e-01  9.27464e-01  0.00000e+00  0.00000e+00
0942  4.18457e-01  2.65575e-01  3.03134e-01  9.27464e-01  0.00000e+00  0.00000e+00
0943  4.19434e-01  2.65576e-01  3.03134e-01  9.27465e-01  0.00000e+00  0.00000e+00
0944  4.20410e-01  2.65576e-01  3.03134e-01  9.27465e-01  0.00000e+00  0.00000e+00
0945  4.21387e-01  2.65576e-01  3.03134e-01  9.27465e-01  0.00000e+00  0.00000e+00
0946  4.22363e-01  2.65576e-01  3.03134e-01  9.27465e-01  0.00000e+00  0.00000e+00
0947  4.23340e-01  2.65576e-01  3.03134e-01  9.27465e-01  0.00000e+00  0.00000e+00
0948  4.24316e-01  2.65576e-01  3.03134e-01  9.27466e-01  0.00000e+00  0.00000e+00
0949  4.25293e-01  2.65576e-01  3.03134e-01  9.27466e-01  0.00000e+00  0.00000e+00
0950  4.26270e-01  2.65576e-01  3.03134e-01  9.27466e-01  0.00000e+00  0.00000e+00
0951  4.27246e-01  2.65576e-01  3.03134e-01  9.27466e-01  0.00000e+00  0.00000e+00
0952  4.28223e-01  2.65576e-01  3.03135e-01  9.27466e-01  0.00000e+00  0.00000e+00
0953  4.29199e-01  2.65576e-01  3.03135e-01  9.27467e-01  0.00000e+00  0.00000e+00
0954  4.30176e-01  2.65576e-01  3.03135e-01  9.27467e-01  0.00000e+00  0.00000e+00
0955  4.31152e-01  2.65576e-01  3.03135e-01  9.27467e-01  0.00000e+00  0.00000e+00
0956  4.32129e-01  2.65576e-01  3.03135e-01  9.27468e-01  0.00000e+00  0.00000e+00
0957  4.33105e-01  2.65577e-01  3.03135e-01  9.27468e-01  0.00000e+00  0.00000e+00
0958  4.34082e-01  2.65576e-01  3.03135e-01  9.27468e-01  0.00000e+00  0.00000e+00
0959  4.35059e-01  2.65568e-01  3.03123e-01  9.27431e-01  0.00000e+00  0.00000e+00
0960  4.36035e-01  2.65137e-01  3.02434e-01  9.25405e-01  0.00000e+00  0.00000e+00
0961  4.37012e-01  2.56693e-01  2.89080e-01  8.83949e-01  0.00000e+00  0.00000e+00
0962  4.37988e-01  2.11130e-01  2.19114e-01  6.35965e-01  0.00000e+00  0.00000e+00
0963  4.38965e-01  1.49206e-01  1.30244e-01  2.04249e-01  0.00000e+00  0.00000e+00
0964  4.39941e-01  1.27234e-01  1.02539e-01  1.89702e-02  0.00000e+00  0.00000e+00
0965  4.40918e-01  1.25077e-01  1.00087e-01  6.54257e-04  0.00000e+00  0.00000e+00
0966  4.41895e-01  1.25002e-01  1.00002e-01  1.31117e-05  0.00000e+00  0.00000e+00
0967  4.42871e-01  1.25000e-01  1.00000e-01  1.77205e-07  0.00000e+00  0.00000e+00
0968  4.43848e-01  1.25000e-01  1.00000e-01  1.80426e-09  0.00000e+00  0.00000e+00
0969  4.44824e-01  1.25000e-01  1.00000e-01  1.56055e-11  0.00000e+00  0.00000e+00
0970  4.45801e-01  1.25000e-01  1.00000e-01  1.18283e-13  0.00000e+00  0.00000e+00
0971  4.46777e-01  1.25000e-01  1.00000e-01  7.09359e-16  0.00000e+00  0.00000e+00
0972  4.47754e-01  1.25000e-01  1.00000e-01  0.00000e+00  0.00000e+00  0.00000e+00
0973  4.48730e-01  1.25000e-01  1.00000e-01  0.00000e+00  0.00000e+00  0.00000e+00
0974  4.49707e-01  1.25000e-01  1.00000e-01  0.00000e+00  0.00000e+00  0.00000e+00
0975  4.50684e-01  1.25000e-01  1.00000e-01  0.00000e+00  0.00000e+00  0.00000e+00
0976  4.51660e-01  1.25000e-01  1.00000e-01  0.00000e+00  0.00000e+00  0.00000e+00
0977  4.52637e-01  1.25000e-01  1.00000e-01  0.00000e+00  0.00000e+00  0.00000e+00
0978  4.53613e-01  1.25000e-01  1.00000e-01  0.00000e+00  0.00000e+00  0.00000e+00
0979  4.54590e-01  1.25000e-01  1.00000e-01  0.00000e+00  0.00000e+00  0.00000e+00
0980  4.55566e-01  1.25000e-01  1.00000e-01  0.00000e+00  0.00000e+00  0.00000e+00
0981  4.56543e-01  1.25000e-01  1.00000e-01  0.00000e+00  0.00000e+00  0.00000e+00
0982  4.57520e-01  1.25000e-01  1.00000e-01  0.00000e+00  0.00000e+00  0.00000e+00
0983  4.58496e-01  1.25000e-01  1.00000e-01  0.00000e+00  0.00000e+00  0.00000e+00
0984  4.59473e-01  1.25000e-01  1.00000e-01  0.00000e+00  0.00000e+00  0.00000e+00
0985  4.60449e-01  1.25000e-01  1.00000e-01  0.00000e+00  0.00000e+00  0.00000e+00
0986  4.61426e-01  1.25000e-01  1.00000e-01  0.00000e+00  0.00000e+00  0.00000e+00
0987  4.62402e-01  1.25000e-01  1.00000e-01  0.00000e+00  0.00000e+00  0.00000e+00
0988  4.63379e-01  1.25000e-01  1.00000e-01  0.00000e+00  0.00000e+00  0.00000e+00
0989  4.64355e-01  1.25000e-01  1.00000e-01  0.00000e+00  0.00000e+00  0.00000e+00
0990  4.65332e-01  1.25000e-01  1.00000e-01  0.00000e+00  0.00000e+00  0.00000e+00
0991  4.66309e-01  1.25000e-01  1.00000e-01  0.00000e+00  0.00000e+00  0.00000e+00
0992  4.67285e-01  1.25000e-01  1.00000e-01  0.00000e+00  0.00000e+00  0.00000e+00
0993  4.68262e-01  1.25000e-01  1.00000e-01  0.00000e+00  0.00000e+00  0.00000e+00
0994  4.69238e-01  1.25000e-01  1.00000e-01  0.00000e+00  0.00000e+00  0.00000e+00
0995  4.70215e-01  1.25000e-01  1.00000e-01  0.00000e+00  0.00000e+00  0.00000e+00
0996  4.71191e-01  1.25000e-01  1.00000e-01  0.00000e+00  0.00000e+00  0.00000e+00
0997  4.72168e-01  1.25000e-01  1.00000e-01  0.00000e+00  0.00000e+00  0.00000e+00
0998  4.73145e-01  1.25000e-01  1.00000e-01  0.00000e+00  0.00000e+00  0.00000e+00
0999  4.74121e-01  1.25000e-01  1.00000e-01  0.00000e+00  0.00000e+00  0.00000e+00
1000  4.75098e-01  1.25000e-01  1.00000e-01  0.00000e+00  0.00000e+00  0.00000e+00
1001  4.76074e-01  1.25000e-01  1.00000e-01  0.00000e+00  0.00000e+00  0.00000e+00
1002  4.77051e-01  1.25000e-01  1.00000e-01  0.00000e+00  0.00000e+00  0.00000e+00
1003  4.78027e-01  1.25000e-01  1.00000e-01  0.00000e+00  0.00000e+00  0.00000e+00
1004  4.79004e-01  1.25000e-01  1.00000e-01  0.00000e+00  0.00000e+00  0.00000e+00
1005  4.79980e-01  1.25000e-01  1.00000e-01  0.00000e+00  0.00000e+00  0.00000e+00
1006  4.80957e-01  1.25000e-01  1.00000e-01  0.00000e+00  0.00000e+00  0.00000e+00
1007  4.81934e-01  1.25000e-01  1.00000e-01  0.00000e+00  0.00000e+00  0.00000e+00
1008  4.82910e-01  1.25000e-01  1.00000e-01  0.00000e+00  0.00000e+00  0.00000e+00
1009  4.83887e-01  1.25000e-01  1.00000e-01  0.00000e+00  0.00000e+00  0.00000e+00
1010  4.84863e-01  1.25000e-01  1.00000e-01  0.00000e+00  0.00000e+00  0.00000e+00
1011  4.85840e-01  1.25000e-01  1.00000e-01  0.00000e+00  0.00000e+00  0.00000e+00
1012  4.86816e-01  1.25000e-01  1.00000e-01  0.00000e+00  0.00000e+00  0.00000e+00
1013  4.87793e-01  1.25000e-01  1.00000e-01  0.00000e+00  0.00000e+00  0.00000e+00
1014  4.88770e-01  1.25000e-01  1.00000e-01  0.00000e+00  0.00000e+00  0.00000e+00
1015  4.89746e-01  1.25000e-01  1.00000e-01  0.00000e+00  0.00000e+00  0.00000e+00
1016  4.90723e-01  1.25000e-01  1.00000e-01  0.00000e+00  0.00000e+00  0.00000e+00
1017  4.91699e-01  1.25000e-01  1.00000e-01  0.00000e+00  0.00000e+00  0.00000e+00
1018  4.92676e-01  1.25000e-01  1.00000e-01  0.00000e+00  0.00000e+00  0.00000e+00
1019  4.93652e-01  1.25000e-01  1.00000e-01  0.00000e+00  0.00000e+00  0.00000e+00
1020  4.94629e-01  1.25000e-01  1.00000e-01  0.00000e+00  0.00000e+00  0.00000e+00
1021  4.95605e-01  1.25000e-01  1.00000e-01  0.00000e+00  0.00000e+00  0.00000e+00
1022  4.96582e-01  1.25000e-01  1.00000e-01  0.00000e+00  0.00000e+00  0.00000e+00
1023  4.97559e-01  1.25000e-01  1.00000e-01  0.00000e+00  0.00000e+00  0.00000e+00
1024  4.98535e-01  1.25000e-01  1.00000e-01  0.00000e+00  0.00000e+00  0.00000e+00
1025  4.99512e-01  1.25000e-01  1.00000e-01  0.00000e+00  0.00000e+00  0.00000e+00
