# Athena++ data at time=0.000000e+00  cycle=0  variables=prim 
# i       x1v         rho          press          vel1         vel2         vel3     
0002 -4.99512e-01  1.00000e+00  1.00000e+00  0.00000e+00  0.00000e+00  0.00000e+00
0003 -4.98535e-01  1.00000e+00  1.00000e+00  0.00000e+00  0.00000e+00  0.00000e+00
0004 -4.97559e-01  1.00000e+00  1.00000e+00  0.00000e+00  0.00000e+00  0.00000e+00
0005 -4.96582e-01  1.00000e+00  1.00000e+00  0.00000e+00  0.00000e+00  0.00000e+00
0006 -4.95605e-01  1.00000e+00  1.00000e+00  0.00000e+00  0.00000e+00  0.00000e+00
0007 -4.94629e-01  1.00000e+00  1.00000e+00  0.00000e+00  0.00000e+00  0.00000e+00
0008 -4.93652e-01  1.00000e+00  1.00000e+00  0.00000e+00  0.00000e+00  0.00000e+00
0009 -4.92676e-01  1.00000e+00  1.00000e+00  0.00000e+00  0.00000e+00  0.00000e+00
0010 -4.91699e-01  1.00000e+00  1.00000e+00  0.00000e+00  0.00000e+00  0.00000e+00
0011 -4.90723e-01  1.00000e+00  1.00000e+00  0.00000e+00  0.00000e+00  0.00000e+00
0012 -4.89746e-01  1.00000e+00  1.00000e+00  0.00000e+00  0.00000e+00  0.00000e+00
0013 -4.88770e-01  1.00000e+00  1.00000e+00  0.00000e+00  0.00000e+00  0.00000e+00
0014 -4.87793e-01  1.00000e+00  1.00000e+00  0.00000e+00  0.00000e+00  0.00000e+00
0015 -4.86816e-01  1.00000e+00  1.00000e+00  0.00000e+00  0.00000e+00  0.00000e+00
0016 -4.85840e-01  1.00000e+00  1.00000e+00  0.00000e+00  0.00000e+00  0.00000e+00
0017 -4.84863e-01  1.00000e+00  1.00000e+00  0.00000e+00  0.00000e+00  0.00000e+00
0018 -4.83887e-01  1.00000e+00  1.00000e+00  0.00000e+00  0.00000e+00  0.00000e+00
0019 -4.82910e-01  1.00000e+00  1.00000e+00  0.00000e+00  0.00000e+00  0.00000e+00
0020 -4.81934e-01  1.00000e+00  1.00000e+00  0.00000e+00  0.00000e+00  0.00000e+00
0021 -4.80957e-01  1.00000e+00  1.00000e+00  0.00000e+00  0.00000e+00  0.00000e+00
0022 -4.79980e-01  1.00000e+00  1.00000e+00  0.00000e+00  0.00000e+00  0.00000e+00
0023 -4.79004e-01  1.00000e+00  1.00000e+00  0.00000e+00  0.00000e+00  0.00000e+00
0024 -4.78027e-01  1.00000e+00  1.00000e+00  0.00000e+00  0.00000e+00  0.00000e+00
0025 -4.77051e-01  1.00000e+00  1.00000e+00  0.00000e+00  0.00000e+00  0.00000e+00
0026 -4.76074e-01  1.00000e+00  1.00000e+00  0.00000e+00  0.00000e+00  0.00000e+00
0027 -4.75098e-01  1.00000e+00  1.00000e+00  0.00000e+00  0.00000e+00  0.00000e+00
0028 -4.74121e-01  1.00000e+00  1.00000e+00  0.00000e+00  0.00000e+00  0.00000e+00
0029 -4.73145e-01  1.00000e+00  1.00000e+00  0.00000e+00  0.00000e+00  0.00000e+00
0030 -4.72168e-01  1.00000e+00  1.00000e+00  0.00000e+00  0.00000e+00  0.00000e+00
0031 -4.71191e-01  1.00000e+00  1.00000e+00  0.00000e+00  0.00000e+00  0.00000e+00
0032 -4.70215e-01  1.00000e+00  1.00000e+00  0.00000e+00  0.00000e+00  0.00000e+00
0033 -4.69238e-01  1.00000e+00  1.00000e+00  0.00000e+00  0.00000e+00  0.00000e+00
0034 -4.68262e-01  1.00000e+00  1.00000e+00  0.00000e+00  0.00000e+00  0.00000e+00
0035 -4.67285e-01  1.00000e+00  1.00000e+00  0.00000e+00  0.00000e+00  0.00000e+00
0036 -4.66309e-01  1.00000e+00  1.00000e+00  0.00000e+00  0.00000e+00  0.00000e+00
0037 -4.65332e-01  1.00000e+00  1.00000e+00  0.00000e+00  0.00000e+00  0.00000e+00
0038 -4.64355e-01  1.00000e+00  1.00000e+00  0.00000e+00  0.00000e+00  0.00000e+00
0039 -4.63379e-01  1.00000e+00  1.00000e+00  0.00000e+00  0.00000e+00  0.00000e+00
0040 -4.62402e-01  1.00000e+00  1.00000e+00  0.00000e+00  0.00000e+00  0.00000e+00
0041 -4.61426e-01  1.00000e+00  1.00000e+00  0.00000e+00  0.00000e+00  0.00000e+00
0042 -4.60449e-01  1.00000e+00  1.00000e+00  0.00000e+00  0.00000e+00  0.00000e+00
0043 -4.59473e-01  1.00000e+00  1.00000e+00  0.00000e+00  0.00000e+00  0.00000e+00
0044 -4.58496e-01  1.00000e+00  1.00000e+00  0.00000e+00  0.00000e+00  0.00000e+00
0045 -4.57520e-01  1.00000e+00  1.00000e+00  0.00000e+00  0.00000e+00  0.00000e+00
0046 -4.56543e-01  1.00000e+00  1.00000e+00  0.00000e+00  0.00000e+00  0.00000e+00
0047 -4.55566e-01  1.00000e+00  1.00000e+00  0.00000e+00  0.00000e+00  0.00000e+00
0048 -4.54590e-01  1.00000e+00  1.00000e+00  0.00000e+00  0.00000e+00  0.00000e+00
0049 -4.53613e-01  1.00000e+00  1.00000e+00  0.00000e+00  0.00000e+00  0.00000e+00
0050 -4.52637e-01  1.00000e+00  1.00000e+00  0.00000e+00  0.00000e+00  0.00000e+00
0051 -4.51660e-01  1.00000e+00  1.00000e+00  0.00000e+00  0.00000e+00  0.00000e+00
0052 -4.50684e-01  1.00000e+00  1.00000e+00  0.00000e+00  0.00000e+00  0.00000e+00
0053 -4.49707e-01  1.00000e+00  1.00000e+00  0.00000e+00  0.00000e+00  0.00000e+00
0054 -4.48730e-01  1.00000e+00  1.00000e+00  0.00000e+00  0.00000e+00  0.00000e+00
0055 -4.47754e-01  1.00000e+00  1.00000e+00  0.00000e+00  0.00000e+00  0.00000e+00
0056 -4.46777e-01  1.00000e+00  1.00000e+00  0.00000e+00  0.00000e+00  0.00000e+00
0057 -4.45801e-01  1.00000e+00  1.00000e+00  0.00000e+00  0.00000e+00  0.00000e+00
0058 -4.44824e-01  1.00000e+00  1.00000e+00  0.00000e+00  0.00000e+00  0.00000e+00
0059 -4.43848e-01  1.00000e+00  1.00000e+00  0.00000e+00  0.00000e+00  0.00000e+00
0060 -4.42871e-01  1.00000e+00  1.00000e+00  0.00000e+00  0.00000e+00  0.00000e+00
0061 -4.41895e-01  1.00000e+00  1.00000e+00  0.00000e+00  0.00000e+00  0.00000e+00
0062 -4.40918e-01  1.00000e+00  1.00000e+00  0.00000e+00  0.00000e+00  0.00000e+00
0063 -4.39941e-01  1.00000e+00  1.00000e+00  0.00000e+00  0.00000e+00  0.00000e+00
0064 -4.38965e-01  1.00000e+00  1.00000e+00  0.00000e+00  0.00000e+00  0.00000e+00
0065 -4.37988e-01  1.00000e+00  1.00000e+00  0.00000e+00  0.00000e+00  0.00000e+00
0066 -4.37012e-01  1.00000e+00  1.00000e+00  0.00000e+00  0.00000e+00  0.00000e+00
0067 -4.36035e-01  1.00000e+00  1.00000e+00  0.00000e+00  0.00000e+00  0.00000e+00
0068 -4.35059e-01  1.00000e+00  1.00000e+00  0.00000e+00  0.00000e+00  0.00000e+00
0069 -4.34082e-01  1.00000e+00  1.00000e+00  0.00000e+00  0.00000e+00  0.00000e+00
0070 -4.33105e-01  1.00000e+00  1.00000e+00  0.00000e+00  0.00000e+00  0.00000e+00
0071 -4.32129e-01  1.00000e+00  1.00000e+00  0.00000e+00  0.00000e+00  0.00000e+00
0072 -4.31152e-01  1.00000e+00  1.00000e+00  0.00000e+00  0.00000e+00  0.00000e+00
0073 -4.30176e-01  1.00000e+00  1.00000e+00  0.00000e+00  0.00000e+00  0.00000e+00
0074 -4.29199e-01  1.00000e+00  1.00000e+00  0.00000e+00  0.00000e+00  0.00000e+00
0075 -4.28223e-01  1.00000e+00  1.00000e+00  0.00000e+00  0.00000e+00  0.00000e+00
0076 -4.27246e-01  1.00000e+00  1.00000e+00  0.00000e+00  0.00000e+00  0.00000e+00
0077 -4.26270e-01  1.00000e+00  1.00000e+00  0.00000e+00  0.00000e+00  0.00000e+00
0078 -4.25293e-01  1.00000e+00  1.00000e+00  0.00000e+00  0.00000e+00  0.00000e+00
0079 -4.24316e-01  1.00000e+00  1.00000e+00  0.00000e+00  0.00000e+00  0.00000e+00
0080 -4.23340e-01  1.00000e+00  1.00000e+00  0.00000e+00  0.00000e+00  0.00000e+00
0081 -4.22363e-01  1.00000e+00  1.00000e+00  0.00000e+00  0.00000e+00  0.00000e+00
0082 -4.21387e-01  1.00000e+00  1.00000e+00  0.00000e+00  0.00000e+00  0.00000e+00
0083 -4.20410e-01  1.00000e+00  1.00000e+00  0.00000e+00  0.00000e+00  0.00000e+00
0084 -4.19434e-01  1.00000e+00  1.00000e+00  0.00000e+00  0.00000e+00  0.00000e+00
0085 -4.18457e-01  1.00000e+00  1.00000e+00  0.00000e+00  0.00000e+00  0.00000e+00
0086 -4.17480e-01  1.00000e+00  1.00000e+00  0.00000e+00  0.00000e+00  0.00000e+00
0087 -4.16504e-01  1.00000e+00  1.00000e+00  0.00000e+00  0.00000e+00  0.00000e+00
0088 -4.15527e-01  1.00000e+00  1.00000e+00  0.00000e+00  0.00000e+00  0.00000e+00
0089 -4.14551e-01  1.00000e+00  1.00000e+00  0.00000e+00  0.00000e+00  0.00000e+00
0090 -4.13574e-01  1.00000e+00  1.00000e+00  0.00000e+00  0.00000e+00  0.00000e+00
0091 -4.12598e-01  1.00000e+00  1.00000e+00  0.00000e+00  0.00000e+00  0.00000e+00
0092 -4.11621e-01  1.00000e+00  1.00000e+00  0.00000e+00  0.00000e+00  0.00000e+00
0093 -4.10645e-01  1.00000e+00  1.00000e+00  0.00000e+00  0.00000e+00  0.00000e+00
0094 -4.09668e-01  1.00000e+00  1.00000e+00  0.00000e+00  0.00000e+00  0.00000e+00
0095 -4.08691e-01  1.00000e+00  1.00000e+00  0.00000e+00  0.00000e+00  0.00000e+00
0096 -4.07715e-01  1.00000e+00  1.00000e+00  0.00000e+00  0.00000e+00  0.00000e+00
0097 -4.06738e-01  1.00000e+00  1.00000e+00  0.00000e+00  0.00000e+00  0.00000e+00
0098 -4.05762e-01  1.00000e+00  1.00000e+00  0.00000e+00  0.00000e+00  0.00000e+00
0099 -4.04785e-01  1.00000e+00  1.00000e+00  0.00000e+00  0.00000e+00  0.00000e+00
0100 -4.03809e-01  1.00000e+00  1.00000e+00  0.00000e+00  0.00000e+00  0.00000e+00
0101 -4.02832e-01  1.00000e+00  1.00000e+00  0.00000e+00  0.00000e+00  0.00000e+00
0102 -4.01855e-01  1.00000e+00  1.00000e+00  0.00000e+00  0.00000e+00  0.00000e+00
0103 -4.00879e-01  1.00000e+00  1.00000e+00  0.00000e+00  0.00000e+00  0.00000e+00
0104 -3.99902e-01  1.00000e+00  1.00000e+00  0.00000e+00  0.00000e+00  0.00000e+00
0105 -3.98926e-01  1.00000e+00  1.00000e+00  0.00000e+00  0.00000e+00  0.00000e+00
0106 -3.97949e-01  1.00000e+00  1.00000e+00  0.00000e+00  0.00000e+00  0.00000e+00
0107 -3.96973e-01  1.00000e+00  1.00000e+00  0.00000e+00  0.00000e+00  0.00000e+00
0108 -3.95996e-01  1.00000e+00  1.00000e+00  0.00000e+00  0.00000e+00  0.00000e+00
0109 -3.95020e-01  1.00000e+00  1.00000e+00  0.00000e+00  0.00000e+00  0.00000e+00
0110 -3.94043e-01  1.00000e+00  1.00000e+00  0.00000e+00  0.00000e+00  0.00000e+00
0111 -3.93066e-01  1.00000e+00  1.00000e+00  0.00000e+00  0.00000e+00  0.00000e+00
0112 -3.92090e-01  1.00000e+00  1.00000e+00  0.00000e+00  0.00000e+00  0.00000e+00
0113 -3.91113e-01  1.00000e+00  1.00000e+00  0.00000e+00  0.00000e+00  0.00000e+00
0114 -3.90137e-01  1.00000e+00  1.00000e+00  0.00000e+00  0.00000e+00  0.00000e+00
0115 -3.89160e-01  1.00000e+00  1.00000e+00  0.00000e+00  0.00000e+00  0.00000e+00
0116 -3.88184e-01  1.00000e+00  1.00000e+00  0.00000e+00  0.00000e+00  0.00000e+00
0117 -3.87207e-01  1.00000e+00  1.00000e+00  0.00000e+00  0.00000e+00  0.00000e+00
0118 -3.86230e-01  1.00000e+00  1.00000e+00  0.00000e+00  0.00000e+00  0.00000e+00
0119 -3.85254e-01  1.00000e+00  1.00000e+00  0.00000e+00  0.00000e+00  0.00000e+00
0120 -3.84277e-01  1.00000e+00  1.00000e+00  0.00000e+00  0.00000e+00  0.00000e+00
0121 -3.83301e-01  1.00000e+00  1.00000e+00  0.00000e+00  0.00000e+00  0.00000e+00
0122 -3.82324e-01  1.00000e+00  1.00000e+00  0.00000e+00  0.00000e+00  0.00000e+00
0123 -3.81348e-01  1.00000e+00  1.00000e+00  0.00000e+00  0.00000e+00  0.00000e+00
0124 -3.80371e-01  1.00000e+00  1.00000e+00  0.00000e+00  0.00000e+00  0.00000e+00
0125 -3.79395e-01  1.00000e+00  1.00000e+00  0.00000e+00  0.00000e+00  0.00000e+00
0126 -3.78418e-01  1.00000e+00  1.00000e+00  0.00000e+00  0.00000e+00  0.00000e+00
0127 -3.77441e-01  1.00000e+00  1.00000e+00  0.00000e+00  0.00000e+00  0.00000e+00
0128 -3.76465e-01  1.00000e+00  1.00000e+00  0.00000e+00  0.00000e+00  0.00000e+00
0129 -3.75488e-01  1.00000e+00  1.00000e+00  0.00000e+00  0.00000e+00  0.00000e+00
0130 -3.74512e-01  1.00000e+00  1.00000e+00  0.00000e+00  0.00000e+00  0.00000e+00
0131 -3.73535e-01  1.00000e+00  1.00000e+00  0.00000e+00  0.00000e+00  0.00000e+00
0132 -3.72559e-01  1.00000e+00  1.00000e+00  0.00000e+00  0.00000e+00  0.00000e+00
0133 -3.71582e-01  1.00000e+00  1.00000e+00  0.00000e+00  0.00000e+00  0.00000e+00
0134 -3.70605e-01  1.00000e+00  1.00000e+00  0.00000e+00  0.00000e+00  0.00000e+00
0135 -3.69629e-01  1.00000e+00  1.00000e+00  0.00000e+00  0.00000e+00  0.00000e+00
0136 -3.68652e-01  1.00000e+00  1.00000e+00  0.00000e+00  0.00000e+00  0.00000e+00
0137 -3.67676e-01  1.00000e+00  1.00000e+00  0.00000e+00  0.00000e+00  0.00000e+00
0138 -3.66699e-01  1.00000e+00  1.00000e+00  0.00000e+00  0.00000e+00  0.00000e+00
0139 -3.65723e-01  1.00000e+00  1.00000e+00  0.00000e+00  0.00000e+00  0.00000e+00
0140 -3.64746e-01  1.00000e+00  1.00000e+00  0.00000e+00  0.00000e+00  0.00000e+00
0141 -3.63770e-01  1.00000e+00  1.00000e+00  0.00000e+00  0.00000e+00  0.00000e+00
0142 -3.62793e-01  1.00000e+00  1.00000e+00  0.00000e+00  0.00000e+00  0.00000e+00
0143 -3.61816e-01  1.00000e+00  1.00000e+00  0.00000e+00  0.00000e+00  0.00000e+00
0144 -3.60840e-01  1.00000e+00  1.00000e+00  0.00000e+00  0.00000e+00  0.00000e+00
0145 -3.59863e-01  1.00000e+00  1.00000e+00  0.00000e+00  0.00000e+00  0.00000e+00
0146 -3.58887e-01  1.00000e+00  1.00000e+00  0.00000e+00  0.00000e+00  0.00000e+00
0147 -3.57910e-01  1.00000e+00  1.00000e+00  0.00000e+00  0.00000e+00  0.00000e+00
0148 -3.56934e-01  1.00000e+00  1.00000e+00  0.00000e+00  0.00000e+00  0.00000e+00
0149 -3.55957e-01  1.00000e+00  1.00000e+00  0.00000e+00  0.00000e+00  0.00000e+00
0150 -3.54980e-01  1.00000e+00  1.00000e+00  0.00000e+00  0.00000e+00  0.00000e+00
0151 -3.54004e-01  1.00000e+00  1.00000e+00  0.00000e+00  0.00000e+00  0.00000e+00
0152 -3.53027e-01  1.00000e+00  1.00000e+00  0.00000e+00  0.00000e+00  0.00000e+00
0153 -3.52051e-01  1.00000e+00  1.00000e+00  0.00000e+00  0.00000e+00  0.00000e+00
0154 -3.51074e-01  1.00000e+00  1.00000e+00  0.00000e+00  0.00000e+00  0.00000e+00
0155 -3.50098e-01  1.00000e+00  1.00000e+00  0.00000e+00  0.00000e+00  0.00000e+00
0156 -3.49121e-01  1.00000e+00  1.00000e+00  0.00000e+00  0.00000e+00  0.00000e+00
0157 -3.48145e-01  1.00000e+00  1.00000e+00  0.00000e+00  0.00000e+00  0.00000e+00
0158 -3.47168e-01  1.00000e+00  1.00000e+00  0.00000e+00  0.00000e+00  0.00000e+00
0159 -3.46191e-01  1.00000e+00  1.00000e+00  0.00000e+00  0.00000e+00  0.00000e+00
0160 -3.45215e-01  1.00000e+00  1.00000e+00  0.00000e+00  0.00000e+00  0.00000e+00
0161 -3.44238e-01  1.00000e+00  1.00000e+00  0.00000e+00  0.00000e+00  0.00000e+00
0162 -3.43262e-01  1.00000e+00  1.00000e+00  0.00000e+00  0.00000e+00  0.00000e+00
0163 -3.42285e-01  1.00000e+00  1.00000e+00  0.00000e+00  0.00000e+00  0.00000e+00
0164 -3.41309e-01  1.00000e+00  1.00000e+00  0.00000e+00  0.00000e+00  0.00000e+00
0165 -3.40332e-01  1.00000e+00  1.00000e+00  0.00000e+00  0.00000e+00  0.00000e+00
0166 -3.39355e-01  1.00000e+00  1.00000e+00  0.00000e+00  0.00000e+00  0.00000e+00
0167 -3.38379e-01  1.00000e+00  1.00000e+00  0.00000e+00  0.00000e+00  0.00000e+00
0168 -3.37402e-01  1.00000e+00  1.00000e+00  0.00000e+00  0.00000e+00  0.00000e+00
0169 -3.36426e-01  1.00000e+00  1.00000e+00  0.00000e+00  0.00000e+00  0.00000e+00
0170 -3.35449e-01  1.00000e+00  1.00000e+00  0.00000e+00  0.00000e+00  0.00000e+00
0171 -3.34473e-01  1.00000e+00  1.00000e+00  0.00000e+00  0.00000e+00  0.00000e+00
0172 -3.33496e-01  1.00000e+00  1.00000e+00  0.00000e+00  0.00000e+00  0.00000e+00
0173 -3.32520e-01  1.00000e+00  1.00000e+00  0.00000e+00  0.00000e+00  0.00000e+00
0174 -3.31543e-01  1.00000e+00  1.00000e+00  0.00000e+00  0.00000e+00  0.00000e+00
0175 -3.30566e-01  1.00000e+00  1.00000e+00  0.00000e+00  0.00000e+00  0.00000e+00
0176 -3.29590e-01  1.00000e+00  1.00000e+00  0.00000e+00  0.00000e+00  0.00000e+00
0177 -3.28613e-01  1.00000e+00  1.00000e+00  0.00000e+00  0.00000e+00  0.00000e+00
0178 -3.27637e-01  1.00000e+00  1.00000e+00  0.00000e+00  0.00000e+00  0.00000e+00
0179 -3.26660e-01  1.00000e+00  1.00000e+00  0.00000e+00  0.00000e+00  0.00000e+00
0180 -3.25684e-01  1.00000e+00  1.00000e+00  0.00000e+00  0.00000e+00  0.00000e+00
0181 -3.24707e-01  1.00000e+00  1.00000e+00  0.00000e+00  0.00000e+00  0.00000e+00
0182 -3.23730e-01  1.00000e+00  1.00000e+00  0.00000e+00  0.00000e+00  0.00000e+00
0183 -3.22754e-01  1.00000e+00  1.00000e+00  0.00000e+00  0.00000e+00  0.00000e+00
0184 -3.21777e-01  1.00000e+00  1.00000e+00  0.00000e+00  0.00000e+00  0.00000e+00
0185 -3.20801e-01  1.00000e+00  1.00000e+00  0.00000e+00  0.00000e+00  0.00000e+00
0186 -3.19824e-01  1.00000e+00  1.00000e+00  0.00000e+00  0.00000e+00  0.00000e+00
0187 -3.18848e-01  1.00000e+00  1.00000e+00  0.00000e+00  0.00000e+00  0.00000e+00
0188 -3.17871e-01  1.00000e+00  1.00000e+00  0.00000e+00  0.00000e+00  0.00000e+00
0189 -3.16895e-01  1.00000e+00  1.00000e+00  0.00000e+00  0.00000e+00  0.00000e+00
0190 -3.15918e-01  1.00000e+00  1.00000e+00  0.00000e+00  0.00000e+00  0.00000e+00
0191 -3.14941e-01  1.00000e+00  1.00000e+00  0.00000e+00  0.00000e+00  0.00000e+00
0192 -3.13965e-01  1.00000e+00  1.00000e+00  0.00000e+00  0.00000e+00  0.00000e+00
0193 -3.12988e-01  1.00000e+00  1.00000e+00  0.00000e+00  0.00000e+00  0.00000e+00
0194 -3.12012e-01  1.00000e+00  1.00000e+00  0.00000e+00  0.00000e+00  0.00000e+00
0195 -3.11035e-01  1.00000e+00  1.00000e+00  0.00000e+00  0.00000e+00  0.00000e+00
0196 -3.10059e-01  1.00000e+00  1.00000e+00  0.00000e+00  0.00000e+00  0.00000e+00
0197 -3.09082e-01  1.00000e+00  1.00000e+00  0.00000e+00  0.00000e+00  0.00000e+00
0198 -3.08105e-01  1.00000e+00  1.00000e+00  0.00000e+00  0.00000e+00  0.00000e+00
0199 -3.07129e-01  1.00000e+00  1.00000e+00  0.00000e+00  0.00000e+00  0.00000e+00
0200 -3.06152e-01  1.00000e+00  1.00000e+00  0.00000e+00  0.00000e+00  0.00000e+00
0201 -3.05176e-01  1.00000e+00  1.00000e+00  0.00000e+00  0.00000e+00  0.00000e+00
0202 -3.04199e-01  1.00000e+00  1.00000e+00  0.00000e+00  0.00000e+00  0.00000e+00
0203 -3.03223e-01  1.00000e+00  1.00000e+00  0.00000e+00  0.00000e+00  0.00000e+00
0204 -3.02246e-01  1.00000e+00  1.00000e+00  0.00000e+00  0.00000e+00  0.00000e+00
0205 -3.01270e-01  1.00000e+00  1.00000e+00  0.00000e+00  0.00000e+00  0.00000e+00
0206 -3.00293e-01  1.00000e+00  1.00000e+00  0.00000e+00  0.00000e+00  0.00000e+00
0207 -2.99316e-01  1.00000e+00  1.00000e+00  0.00000e+00  0.00000e+00  0.00000e+00
0208 -2.98340e-01  1.00000e+00  1.00000e+00  0.00000e+00  0.00000e+00  0.00000e+00
0209 -2.97363e-01  1.00000e+00  1.00000e+00  0.00000e+00  0.00000e+00  0.00000e+00
0210 -2.96387e-01  1.00000e+00  1.00000e+00  0.00000e+00  0.00000e+00  0.00000e+00
0211 -2.95410e-01  1.00000e+00  1.00000e+00  0.00000e+00  0.00000e+00  0.00000e+00
0212 -2.94434e-01  1.00000e+00  1.00000e+00  0.00000e+00  0.00000e+00  0.00000e+00
0213 -2.93457e-01  1.00000e+00  1.00000e+00  0.00000e+00  0.00000e+00  0.00000e+00
0214 -2.92480e-01  1.00000e+00  1.00000e+00  0.00000e+00  0.00000e+00  0.00000e+00
0215 -2.91504e-01  1.00000e+00  1.00000e+00  0.00000e+00  0.00000e+00  0.00000e+00
0216 -2.90527e-01  1.00000e+00  1.00000e+00  0.00000e+00  0.00000e+00  0.00000e+00
0217 -2.89551e-01  1.00000e+00  1.00000e+00  0.00000e+00  0.00000e+00  0.00000e+00
0218 -2.88574e-01  1.00000e+00  1.00000e+00  0.00000e+00  0.00000e+00  0.00000e+00
0219 -2.87598e-01  1.00000e+00  1.00000e+00  0.00000e+00  0.00000e+00  0.00000e+00
0220 -2.86621e-01  1.00000e+00  1.00000e+00  0.00000e+00  0.00000e+00  0.00000e+00
0221 -2.85645e-01  1.00000e+00  1.00000e+00  0.00000e+00  0.00000e+00  0.00000e+00
0222 -2.84668e-01  1.00000e+00  1.00000e+00  0.00000e+00  0.00000e+00  0.00000e+00
0223 -2.83691e-01  1.00000e+00  1.00000e+00  0.00000e+00  0.00000e+00  0.00000e+00
0224 -2.82715e-01  1.00000e+00  1.00000e+00  0.00000e+00  0.00000e+00  0.00000e+00
0225 -2.81738e-01  1.00000e+00  1.00000e+00  0.00000e+00  0.00000e+00  0.00000e+00
0226 -2.80762e-01  1.00000e+00  1.00000e+00  0.00000e+00  0.00000e+00  0.00000e+00
0227 -2.79785e-01  1.00000e+00  1.00000e+00  0.00000e+00  0.00000e+00  0.00000e+00
0228 -2.78809e-01  1.00000e+00  1.00000e+00  0.00000e+00  0.00000e+00  0.00000e+00
0229 -2.77832e-01  1.00000e+00  1.00000e+00  0.00000e+00  0.00000e+00  0.00000e+00
0230 -2.76855e-01  1.00000e+00  1.00000e+00  0.00000e+00  0.00000e+00  0.00000e+00
0231 -2.75879e-01  1.00000e+00  1.00000e+00  0.00000e+00  0.00000e+00  0.00000e+00
0232 -2.74902e-01  1.00000e+00  1.00000e+00  0.00000e+00  0.00000e+00  0.00000e+00
0233 -2.73926e-01  1.00000e+00  1.00000e+00  0.00000e+00  0.00000e+00  0.00000e+00
0234 -2.72949e-01  1.00000e+00  1.00000e+00  0.00000e+00  0.00000e+00  0.00000e+00
0235 -2.71973e-01  1.00000e+00  1.00000e+00  0.00000e+00  0.00000e+00  0.00000e+00
0236 -2.70996e-01  1.00000e+00  1.00000e+00  0.00000e+00  0.00000e+00  0.00000e+00
0237 -2.70020e-01  1.00000e+00  1.00000e+00  0.00000e+00  0.00000e+00  0.00000e+00
0238 -2.69043e-01  1.00000e+00  1.00000e+00  0.00000e+00  0.00000e+00  0.00000e+00
0239 -2.68066e-01  1.00000e+00  1.00000e+00  0.00000e+00  0.00000e+00  0.00000e+00
0240 -2.67090e-01  1.00000e+00  1.00000e+00  0.00000e+00  0.00000e+00  0.00000e+00
0241 -2.66113e-01  1.00000e+00  1.00000e+00  0.00000e+00  0.00000e+00  0.00000e+00
0242 -2.65137e-01  1.00000e+00  1.00000e+00  0.00000e+00  0.00000e+00  0.00000e+00
0243 -2.64160e-01  1.00000e+00  1.00000e+00  0.00000e+00  0.00000e+00  0.00000e+00
0244 -2.63184e-01  1.00000e+00  1.00000e+00  0.00000e+00  0.00000e+00  0.00000e+00
0245 -2.62207e-01  1.00000e+00  1.00000e+00  0.00000e+00  0.00000e+00  0.00000e+00
0246 -2.61230e-01  1.00000e+00  1.00000e+00  0.00000e+00  0.00000e+00  0.00000e+00
0247 -2.60254e-01  1.00000e+00  1.00000e+00  0.00000e+00  0.00000e+00  0.00000e+00
0248 -2.59277e-01  1.00000e+00  1.00000e+00  0.00000e+00  0.00000e+00  0.00000e+00
0249 -2.58301e-01  1.00000e+00  1.00000e+00  0.00000e+00  0.00000e+00  0.00000e+00
0250 -2.57324e-01  1.00000e+00  1.00000e+00  0.00000e+00  0.00000e+00  0.00000e+00
0251 -2.56348e-01  1.00000e+00  1.00000e+00  0.00000e+00  0.00000e+00  0.00000e+00
0252 -2.55371e-01  1.00000e+00  1.00000e+00  0.00000e+00  0.00000e+00  0.00000e+00
0253 -2.54395e-01  1.00000e+00  1.00000e+00  0.00000e+00  0.00000e+00  0.00000e+00
0254 -2.53418e-01  1.00000e+00  1.00000e+00  0.00000e+00  0.00000e+00  0.00000e+00
0255 -2.52441e-01  1.00000e+00  1.00000e+00  0.00000e+00  0.00000e+00  0.00000e+00
0256 -2.51465e-01  1.00000e+00  1.00000e+00  0.00000e+00  0.00000e+00  0.00000e+00
0257 -2.50488e-01  1.00000e+00  1.00000e+00  0.00000e+00  0.00000e+00  0.00000e+00
0258 -2.49512e-01  1.00000e+00  1.00000e+00  0.00000e+00  0.00000e+00  0.00000e+00
0259 -2.48535e-01  1.00000e+00  1.00000e+00  0.00000e+00  0.00000e+00  0.00000e+00
0260 -2.47559e-01  1.00000e+00  1.00000e+00  0.00000e+00  0.00000e+00  0.00000e+00
0261 -2.46582e-01  1.00000e+00  1.00000e+00  0.00000e+00  0.00000e+00  0.00000e+00
0262 -2.45605e-01  1.00000e+00  1.00000e+00  0.00000e+00  0.00000e+00  0.00000e+00
0263 -2.44629e-01  1.00000e+00  1.00000e+00  0.00000e+00  0.00000e+00  0.00000e+00
0264 -2.43652e-01  1.00000e+00  1.00000e+00  0.00000e+00  0.00000e+00  0.00000e+00
0265 -2.42676e-01  1.00000e+00  1.00000e+00  0.00000e+00  0.00000e+00  0.00000e+00
0266 -2.41699e-01  1.00000e+00  1.00000e+00  0.00000e+00  0.00000e+00  0.00000e+00
0267 -2.40723e-01  1.00000e+00  1.00000e+00  0.00000e+00  0.00000e+00  0.00000e+00
0268 -2.39746e-01  1.00000e+00  1.00000e+00  0.00000e+00  0.00000e+00  0.00000e+00
0269 -2.38770e-01  1.00000e+00  1.00000e+00  0.00000e+00  0.00000e+00  0.00000e+00
0270 -2.37793e-01  1.00000e+00  1.00000e+00  0.00000e+00  0.00000e+00  0.00000e+00
0271 -2.36816e-01  1.00000e+00  1.00000e+00  0.00000e+00  0.00000e+00  0.00000e+00
0272 -2.35840e-01  1.00000e+00  1.00000e+00  0.00000e+00  0.00000e+00  0.00000e+00
0273 -2.34863e-01  1.00000e+00  1.00000e+00  0.00000e+00  0.00000e+00  0.00000e+00
0274 -2.33887e-01  1.00000e+00  1.00000e+00  0.00000e+00  0.00000e+00  0.00000e+00
0275 -2.32910e-01  1.00000e+00  1.00000e+00  0.00000e+00  0.00000e+00  0.00000e+00
0276 -2.31934e-01  1.00000e+00  1.00000e+00  0.00000e+00  0.00000e+00  0.00000e+00
0277 -2.30957e-01  1.00000e+00  1.00000e+00  0.00000e+00  0.00000e+00  0.00000e+00
0278 -2.29980e-01  1.00000e+00  1.00000e+00  0.00000e+00  0.00000e+00  0.00000e+00
0279 -2.29004e-01  1.00000e+00  1.00000e+00  0.00000e+00  0.00000e+00  0.00000e+00
0280 -2.28027e-01  1.00000e+00  1.00000e+00  0.00000e+00  0.00000e+00  0.00000e+00
0281 -2.27051e-01  1.00000e+00  1.00000e+00  0.00000e+00  0.00000e+00  0.00000e+00
0282 -2.26074e-01  1.00000e+00  1.00000e+00  0.00000e+00  0.00000e+00  0.00000e+00
0283 -2.25098e-01  1.00000e+00  1.00000e+00  0.00000e+00  0.00000e+00  0.00000e+00
0284 -2.24121e-01  1.00000e+00  1.00000e+00  0.00000e+00  0.00000e+00  0.00000e+00
0285 -2.23145e-01  1.00000e+00  1.00000e+00  0.00000e+00  0.00000e+00  0.00000e+00
0286 -2.22168e-01  1.00000e+00  1.00000e+00  0.00000e+00  0.00000e+00  0.00000e+00
0287 -2.21191e-01  1.00000e+00  1.00000e+00  0.00000e+00  0.00000e+00  0.00000e+00
0288 -2.20215e-01  1.00000e+00  1.00000e+00  0.00000e+00  0.00000e+00  0.00000e+00
0289 -2.19238e-01  1.00000e+00  1.00000e+00  0.00000e+00  0.00000e+00  0.00000e+00
0290 -2.18262e-01  1.00000e+00  1.00000e+00  0.00000e+00  0.00000e+00  0.00000e+00
0291 -2.17285e-01  1.00000e+00  1.00000e+00  0.00000e+00  0.00000e+00  0.00000e+00
0292 -2.16309e-01  1.00000e+00  1.00000e+00  0.00000e+00  0.00000e+00  0.00000e+00
0293 -2.15332e-01  1.00000e+00  1.00000e+00  0.00000e+00  0.00000e+00  0.00000e+00
0294 -2.14355e-01  1.00000e+00  1.00000e+00  0.00000e+00  0.00000e+00  0.00000e+00
0295 -2.13379e-01  1.00000e+00  1.00000e+00  0.00000e+00  0.00000e+00  0.00000e+00
0296 -2.12402e-01  1.00000e+00  1.00000e+00  0.00000e+00  0.00000e+00  0.00000e+00
0297 -2.11426e-01  1.00000e+00  1.00000e+00  0.00000e+00  0.00000e+00  0.00000e+00
0298 -2.10449e-01  1.00000e+00  1.00000e+00  0.00000e+00  0.00000e+00  0.00000e+00
0299 -2.09473e-01  1.00000e+00  1.00000e+00  0.00000e+00  0.00000e+00  0.00000e+00
0300 -2.08496e-01  1.00000e+00  1.00000e+00  0.00000e+00  0.00000e+00  0.00000e+00
0301 -2.07520e-01  1.00000e+00  1.00000e+00  0.00000e+00  0.00000e+00  0.00000e+00
0302 -2.06543e-01  1.00000e+00  1.00000e+00  0.00000e+00  0.00000e+00  0.00000e+00
0303 -2.05566e-01  1.00000e+00  1.00000e+00  0.00000e+00  0.00000e+00  0.00000e+00
0304 -2.04590e-01  1.00000e+00  1.00000e+00  0.00000e+00  0.00000e+00  0.00000e+00
0305 -2.03613e-01  1.00000e+00  1.00000e+00  0.00000e+00  0.00000e+00  0.00000e+00
0306 -2.02637e-01  1.00000e+00  1.00000e+00  0.00000e+00  0.00000e+00  0.00000e+00
0307 -2.01660e-01  1.00000e+00  1.00000e+00  0.00000e+00  0.00000e+00  0.00000e+00
0308 -2.00684e-01  1.00000e+00  1.00000e+00  0.00000e+00  0.00000e+00  0.00000e+00
0309 -1.99707e-01  1.00000e+00  1.00000e+00  0.00000e+00  0.00000e+00  0.00000e+00
0310 -1.98730e-01  1.00000e+00  1.00000e+00  0.00000e+00  0.00000e+00  0.00000e+00
0311 -1.97754e-01  1.00000e+00  1.00000e+00  0.00000e+00  0.00000e+00  0.00000e+00
0312 -1.96777e-01  1.00000e+00  1.00000e+00  0.00000e+00  0.00000e+00  0.00000e+00
0313 -1.95801e-01  1.00000e+00  1.00000e+00  0.00000e+00  0.00000e+00  0.00000e+00
0314 -1.94824e-01  1.00000e+00  1.00000e+00  0.00000e+00  0.00000e+00  0.00000e+00
0315 -1.93848e-01  1.00000e+00  1.00000e+00  0.00000e+00  0.00000e+00  0.00000e+00
0316 -1.92871e-01  1.00000e+00  1.00000e+00  0.00000e+00  0.00000e+00  0.00000e+00
0317 -1.91895e-01  1.00000e+00  1.00000e+00  0.00000e+00  0.00000e+00  0.00000e+00
0318 -1.90918e-01  1.00000e+00  1.00000e+00  0.00000e+00  0.00000e+00  0.00000e+00
0319 -1.89941e-01  1.00000e+00  1.00000e+00  0.00000e+00  0.00000e+00  0.00000e+00
0320 -1.88965e-01  1.00000e+00  1.00000e+00  0.00000e+00  0.00000e+00  0.00000e+00
0321 -1.87988e-01  1.00000e+00  1.00000e+00  0.00000e+00  0.00000e+00  0.00000e+00
0322 -1.87012e-01  1.00000e+00  1.00000e+00  0.00000e+00  0.00000e+00  0.00000e+00
0323 -1.86035e-01  1.00000e+00  1.00000e+00  0.00000e+00  0.00000e+00  0.00000e+00
0324 -1.85059e-01  1.00000e+00  1.00000e+00  0.00000e+00  0.00000e+00  0.00000e+00
0325 -1.84082e-01  1.00000e+00  1.00000e+00  0.00000e+00  0.00000e+00  0.00000e+00
0326 -1.83105e-01  1.00000e+00  1.00000e+00  0.00000e+00  0.00000e+00  0.00000e+00
0327 -1.82129e-01  1.00000e+00  1.00000e+00  0.00000e+00  0.00000e+00  0.00000e+00
0328 -1.81152e-01  1.00000e+00  1.00000e+00  0.00000e+00  0.00000e+00  0.00000e+00
0329 -1.80176e-01  1.00000e+00  1.00000e+00  0.00000e+00  0.00000e+00  0.00000e+00
0330 -1.79199e-01  1.00000e+00  1.00000e+00  0.00000e+00  0.00000e+00  0.00000e+00
0331 -1.78223e-01  1.00000e+00  1.00000e+00  0.00000e+00  0.00000e+00  0.00000e+00
0332 -1.77246e-01  1.00000e+00  1.00000e+00  0.00000e+00  0.00000e+00  0.00000e+00
0333 -1.76270e-01  1.00000e+00  1.00000e+00  0.00000e+00  0.00000e+00  0.00000e+00
0334 -1.75293e-01  1.00000e+00  1.00000e+00  0.00000e+00  0.00000e+00  0.00000e+00
0335 -1.74316e-01  1.00000e+00  1.00000e+00  0.00000e+00  0.00000e+00  0.00000e+00
0336 -1.73340e-01  1.00000e+00  1.00000e+00  0.00000e+00  0.00000e+00  0.00000e+00
0337 -1.72363e-01  1.00000e+00  1.00000e+00  0.00000e+00  0.00000e+00  0.00000e+00
0338 -1.71387e-01  1.00000e+00  1.00000e+00  0.00000e+00  0.00000e+00  0.00000e+00
0339 -1.70410e-01  1.00000e+00  1.00000e+00  0.00000e+00  0.00000e+00  0.00000e+00
0340 -1.69434e-01  1.00000e+00  1.00000e+00  0.00000e+00  0.00000e+00  0.00000e+00
0341 -1.68457e-01  1.00000e+00  1.00000e+00  0.00000e+00  0.00000e+00  0.00000e+00
0342 -1.67480e-01  1.00000e+00  1.00000e+00  0.00000e+00  0.00000e+00  0.00000e+00
0343 -1.66504e-01  1.00000e+00  1.00000e+00  0.00000e+00  0.00000e+00  0.00000e+00
0344 -1.65527e-01  1.00000e+00  1.00000e+00  0.00000e+00  0.00000e+00  0.00000e+00
0345 -1.64551e-01  1.00000e+00  1.00000e+00  0.00000e+00  0.00000e+00  0.00000e+00
0346 -1.63574e-01  1.00000e+00  1.00000e+00  0.00000e+00  0.00000e+00  0.00000e+00
0347 -1.62598e-01  1.00000e+00  1.00000e+00  0.00000e+00  0.00000e+00  0.00000e+00
0348 -1.61621e-01  1.00000e+00  1.00000e+00  0.00000e+00  0.00000e+00  0.00000e+00
0349 -1.60645e-01  1.00000e+00  1.00000e+00  0.00000e+00  0.00000e+00  0.00000e+00
0350 -1.59668e-01  1.00000e+00  1.00000e+00  0.00000e+00  0.00000e+00  0.00000e+00
0351 -1.58691e-01  1.00000e+00  1.00000e+00  0.00000e+00  0.00000e+00  0.00000e+00
0352 -1.57715e-01  1.00000e+00  1.00000e+00  0.00000e+00  0.00000e+00  0.00000e+00
0353 -1.56738e-01  1.00000e+00  1.00000e+00  0.00000e+00  0.00000e+00  0.00000e+00
0354 -1.55762e-01  1.00000e+00  1.00000e+00  0.00000e+00  0.00000e+00  0.00000e+00
0355 -1.54785e-01  1.00000e+00  1.00000e+00  0.00000e+00  0.00000e+00  0.00000e+00
0356 -1.53809e-01  1.00000e+00  1.00000e+00  0.00000e+00  0.00000e+00  0.00000e+00
0357 -1.52832e-01  1.00000e+00  1.00000e+00  0.00000e+00  0.00000e+00  0.00000e+00
0358 -1.51855e-01  1.00000e+00  1.00000e+00  0.00000e+00  0.00000e+00  0.00000e+00
0359 -1.50879e-01  1.00000e+00  1.00000e+00  0.00000e+00  0.00000e+00  0.00000e+00
0360 -1.49902e-01  1.00000e+00  1.00000e+00  0.00000e+00  0.00000e+00  0.00000e+00
0361 -1.48926e-01  1.00000e+00  1.00000e+00  0.00000e+00  0.00000e+00  0.00000e+00
0362 -1.47949e-01  1.00000e+00  1.00000e+00  0.00000e+00  0.00000e+00  0.00000e+00
0363 -1.46973e-01  1.00000e+00  1.00000e+00  0.00000e+00  0.00000e+00  0.00000e+00
0364 -1.45996e-01  1.00000e+00  1.00000e+00  0.00000e+00  0.00000e+00  0.00000e+00
0365 -1.45020e-01  1.00000e+00  1.00000e+00  0.00000e+00  0.00000e+00  0.00000e+00
0366 -1.44043e-01  1.00000e+00  1.00000e+00  0.00000e+00  0.00000e+00  0.00000e+00
0367 -1.43066e-01  1.00000e+00  1.00000e+00  0.00000e+00  0.00000e+00  0.00000e+00
0368 -1.42090e-01  1.00000e+00  1.00000e+00  0.00000e+00  0.00000e+00  0.00000e+00
0369 -1.41113e-01  1.00000e+00  1.00000e+00  0.00000e+00  0.00000e+00  0.00000e+00
0370 -1.40137e-01  1.00000e+00  1.00000e+00  0.00000e+00  0.00000e+00  0.00000e+00
0371 -1.39160e-01  1.00000e+00  1.00000e+00  0.00000e+00  0.00000e+00  0.00000e+00
0372 -1.38184e-01  1.00000e+00  1.00000e+00  0.00000e+00  0.00000e+00  0.00000e+00
0373 -1.37207e-01  1.00000e+00  1.00000e+00  0.00000e+00  0.00000e+00  0.00000e+00
0374 -1.36230e-01  1.00000e+00  1.00000e+00  0.00000e+00  0.00000e+00  0.00000e+00
0375 -1.35254e-01  1.00000e+00  1.00000e+00  0.00000e+00  0.00000e+00  0.00000e+00
0376 -1.34277e-01  1.00000e+00  1.00000e+00  0.00000e+00  0.00000e+00  0.00000e+00
0377 -1.33301e-01  1.00000e+00  1.00000e+00  0.00000e+00  0.00000e+00  0.00000e+00
0378 -1.32324e-01  1.00000e+00  1.00000e+00  0.00000e+00  0.00000e+00  0.00000e+00
0379 -1.31348e-01  1.00000e+00  1.00000e+00  0.00000e+00  0.00000e+00  0.00000e+00
0380 -1.30371e-01  1.00000e+00  1.00000e+00  0.00000e+00  0.00000e+00  0.00000e+00
0381 -1.29395e-01  1.00000e+00  1.00000e+00  0.00000e+00  0.00000e+00  0.00000e+00
0382 -1.28418e-01  1.00000e+00  1.00000e+00  0.00000e+00  0.00000e+00  0.00000e+00
0383 -1.27441e-01  1.00000e+00  1.00000e+00  0.00000e+00  0.00000e+00  0.00000e+00
0384 -1.26465e-01  1.00000e+00  1.00000e+00  0.00000e+00  0.00000e+00  0.00000e+00
0385 -1.25488e-01  1.00000e+00  1.00000e+00  0.00000e+00  0.00000e+00  0.00000e+00
0386 -1.24512e-01  1.00000e+00  1.00000e+00  0.00000e+00  0.00000e+00  0.00000e+00
0387 -1.23535e-01  1.00000e+00  1.00000e+00  0.00000e+00  0.00000e+00  0.00000e+00
0388 -1.22559e-01  1.00000e+00  1.00000e+00  0.00000e+00  0.00000e+00  0.00000e+00
0389 -1.21582e-01  1.00000e+00  1.00000e+00  0.00000e+00  0.00000e+00  0.00000e+00
0390 -1.20605e-01  1.00000e+00  1.00000e+00  0.00000e+00  0.00000e+00  0.00000e+00
0391 -1.19629e-01  1.00000e+00  1.00000e+00  0.00000e+00  0.00000e+00  0.00000e+00
0392 -1.18652e-01  1.00000e+00  1.00000e+00  0.00000e+00  0.00000e+00  0.00000e+00
0393 -1.17676e-01  1.00000e+00  1.00000e+00  0.00000e+00  0.00000e+00  0.00000e+00
0394 -1.16699e-01  1.00000e+00  1.00000e+00  0.00000e+00  0.00000e+00  0.00000e+00
0395 -1.15723e-01  1.00000e+00  1.00000e+00  0.00000e+00  0.00000e+00  0.00000e+00
0396 -1.14746e-01  1.00000e+00  1.00000e+00  0.00000e+00  0.00000e+00  0.00000e+00
0397 -1.13770e-01  1.00000e+00  1.00000e+00  0.00000e+00  0.00000e+00  0.00000e+00
0398 -1.12793e-01  1.00000e+00  1.00000e+00  0.00000e+00  0.00000e+00  0.00000e+00
0399 -1.11816e-01  1.00000e+00  1.00000e+00  0.00000e+00  0.00000e+00  0.00000e+00
0400 -1.10840e-01  1.00000e+00  1.00000e+00  0.00000e+00  0.00000e+00  0.00000e+00
0401 -1.09863e-01  1.00000e+00  1.00000e+00  0.00000e+00  0.00000e+00  0.00000e+00
0402 -1.08887e-01  1.00000e+00  1.00000e+00  0.00000e+00  0.00000e+00  0.00000e+00
0403 -1.07910e-01  1.00000e+00  1.00000e+00  0.00000e+00  0.00000e+00  0.00000e+00
0404 -1.06934e-01  1.00000e+00  1.00000e+00  0.00000e+00  0.00000e+00  0.00000e+00
0405 -1.05957e-01  1.00000e+00  1.00000e+00  0.00000e+00  0.00000e+00  0.00000e+00
0406 -1.04980e-01  1.00000e+00  1.00000e+00  0.00000e+00  0.00000e+00  0.00000e+00
0407 -1.04004e-01  1.00000e+00  1.00000e+00  0.00000e+00  0.00000e+00  0.00000e+00
0408 -1.03027e-01  1.00000e+00  1.00000e+00  0.00000e+00  0.00000e+00  0.00000e+00
0409 -1.02051e-01  1.00000e+00  1.00000e+00  0.00000e+00  0.00000e+00  0.00000e+00
0410 -1.01074e-01  1.00000e+00  1.00000e+00  0.00000e+00  0.00000e+00  0.00000e+00
0411 -1.00098e-01  1.00000e+00  1.00000e+00  0.00000e+00  0.00000e+00  0.00000e+00
0412 -9.91211e-02  1.00000e+00  1.00000e+00  0.00000e+00  0.00000e+00  0.00000e+00
0413 -9.81445e-02  1.00000e+00  1.00000e+00  0.00000e+00  0.00000e+00  0.00000e+00
0414 -9.71680e-02  1.00000e+00  1.00000e+00  0.00000e+00  0.00000e+00  0.00000e+00
0415 -9.61914e-02  1.00000e+00  1.00000e+00  0.00000e+00  0.00000e+00  0.00000e+00
0416 -9.52148e-02  1.00000e+00  1.00000e+00  0.00000e+00  0.00000e+00  0.00000e+00
0417 -9.42383e-02  1.00000e+00  1.00000e+00  0.00000e+00  0.00000e+00  0.00000e+00
0418 -9.32617e-02  1.00000e+00  1.00000e+00  0.00000e+00  0.00000e+00  0.00000e+00
0419 -9.22852e-02  1.00000e+00  1.00000e+00  0.00000e+00  0.00000e+00  0.00000e+00
0420 -9.13086e-02  1.00000e+00  1.00000e+00  0.00000e+00  0.00000e+00  0.00000e+00
0421 -9.03320e-02  1.00000e+00  1.00000e+00  0.00000e+00  0.00000e+00  0.00000e+00
0422 -8.93555e-02  1.00000e+00  1.00000e+00  0.00000e+00  0.00000e+00  0.00000e+00
0423 -8.83789e-02  1.00000e+00  1.00000e+00  0.00000e+00  0.00000e+00  0.00000e+00
0424 -8.74023e-02  1.00000e+00  1.00000e+00  0.00000e+00  0.00000e+00  0.00000e+00
0425 -8.64258e-02  1.00000e+00  1.00000e+00  0.00000e+00  0.00000e+00  0.00000e+00
0426 -8.54492e-02  1.00000e+00  1.00000e+00  0.00000e+00  0.00000e+00  0.00000e+00
0427 -8.44727e-02  1.00000e+00  1.00000e+00  0.00000e+00  0.00000e+00  0.00000e+00
0428 -8.34961e-02  1.00000e+00  1.00000e+00  0.00000e+00  0.00000e+00  0.00000e+00
0429 -8.25195e-02  1.00000e+00  1.00000e+00  0.00000e+00  0.00000e+00  0.00000e+00
0430 -8.15430e-02  1.00000e+00  1.00000e+00  0.00000e+00  0.00000e+00  0.00000e+00
0431 -8.05664e-02  1.00000e+00  1.00000e+00  0.00000e+00  0.00000e+00  0.00000e+00
0432 -7.95898e-02  1.00000e+00  1.00000e+00  0.00000e+00  0.00000e+00  0.00000e+00
0433 -7.86133e-02  1.00000e+00  1.00000e+00  0.00000e+00  0.00000e+00  0.00000e+00
0434 -7.76367e-02  1.00000e+00  1.00000e+00  0.00000e+00  0.00000e+00  0.00000e+00
0435 -7.66602e-02  1.00000e+00  1.00000e+00  0.00000e+00  0.00000e+00  0.00000e+00
0436 -7.56836e-02  1.00000e+00  1.00000e+00  0.00000e+00  0.00000e+00  0.00000e+00
0437 -7.47070e-02  1.00000e+00  1.00000e+00  0.00000e+00  0.00000e+00  0.00000e+00
0438 -7.37305e-02  1.00000e+00  1.00000e+00  0.00000e+00  0.00000e+00  0.00000e+00
0439 -7.27539e-02  1.00000e+00  1.00000e+00  0.00000e+00  0.00000e+00  0.00000e+00
0440 -7.17773e-02  1.00000e+00  1.00000e+00  0.00000e+00  0.00000e+00  0.00000e+00
0441 -7.08008e-02  1.00000e+00  1.00000e+00  0.00000e+00  0.00000e+00  0.00000e+00
0442 -6.98242e-02  1.00000e+00  1.00000e+00  0.00000e+00  0.00000e+00  0.00000e+00
0443 -6.88477e-02  1.00000e+00  1.00000e+00  0.00000e+00  0.00000e+00  0.00000e+00
0444 -6.78711e-02  1.00000e+00  1.00000e+00  0.00000e+00  0.00000e+00  0.00000e+00
0445 -6.68945e-02  1.00000e+00  1.00000e+00  0.00000e+00  0.00000e+00  0.00000e+00
0446 -6.59180e-02  1.00000e+00  1.00000e+00  0.00000e+00  0.00000e+00  0.00000e+00
0447 -6.49414e-02  1.00000e+00  1.00000e+00  0.00000e+00  0.00000e+00  0.00000e+00
0448 -6.39648e-02  1.00000e+00  1.00000e+00  0.00000e+00  0.00000e+00  0.00000e+00
0449 -6.29883e-02  1.00000e+00  1.00000e+00  0.00000e+00  0.00000e+00  0.00000e+00
0450 -6.20117e-02  1.00000e+00  1.00000e+00  0.00000e+00  0.00000e+00  0.00000e+00
0451 -6.10352e-02  1.00000e+00  1.00000e+00  0.00000e+00  0.00000e+00  0.00000e+00
0452 -6.00586e-02  1.00000e+00  1.00000e+00  0.00000e+00  0.00000e+00  0.00000e+00
0453 -5.90820e-02  1.00000e+00  1.00000e+00  0.00000e+00  0.00000e+00  0.00000e+00
0454 -5.81055e-02  1.00000e+00  1.00000e+00  0.00000e+00  0.00000e+00  0.00000e+00
0455 -5.71289e-02  1.00000e+00  1.00000e+00  0.00000e+00  0.00000e+00  0.00000e+00
0456 -5.61523e-02  1.00000e+00  1.00000e+00  0.00000e+00  0.00000e+00  0.00000e+00
0457 -5.51758e-02  1.00000e+00  1.00000e+00  0.00000e+00  0.00000e+00  0.00000e+00
0458 -5.41992e-02  1.00000e+00  1.00000e+00  0.00000e+00  0.00000e+00  0.00000e+00
0459 -5.32227e-02  1.00000e+00  1.00000e+00  0.00000e+00  0.00000e+00  0.00000e+00
0460 -5.22461e-02  1.00000e+00  1.00000e+00  0.00000e+00  0.00000e+00  0.00000e+00
0461 -5.12695e-02  1.00000e+00  1.00000e+00  0.00000e+00  0.00000e+00  0.00000e+00
0462 -5.02930e-02  1.00000e+00  1.00000e+00  0.00000e+00  0.00000e+00  0.00000e+00
0463 -4.93164e-02  1.00000e+00  1.00000e+00  0.00000e+00  0.00000e+00  0.00000e+00
0464 -4.83398e-02  1.00000e+00  1.00000e+00  0.00000e+00  0.00000e+00  0.00000e+00
0465 -4.73633e-02  1.00000e+00  1.00000e+00  0.00000e+00  0.00000e+00  0.00000e+00
0466 -4.63867e-02  1.00000e+00  1.00000e+00  0.00000e+00  0.00000e+00  0.00000e+00
0467 -4.54102e-02  1.00000e+00  1.00000e+00  0.00000e+00  0.00000e+00  0.00000e+00
0468 -4.44336e-02  1.00000e+00  1.00000e+00  0.00000e+00  0.00000e+00  0.00000e+00
0469 -4.34570e-02  1.00000e+00  1.00000e+00  0.00000e+00  0.00000e+00  0.00000e+00
0470 -4.24805e-02  1.00000e+00  1.00000e+00  0.00000e+00  0.00000e+00  0.00000e+00
0471 -4.15039e-02  1.00000e+00  1.00000e+00  0.00000e+00  0.00000e+00  0.00000e+00
0472 -4.05273e-02  1.00000e+00  1.00000e+00  0.00000e+00  0.00000e+00  0.00000e+00
0473 -3.95508e-02  1.00000e+00  1.00000e+00  0.00000e+00  0.00000e+00  0.00000e+00
0474 -3.85742e-02  1.00000e+00  1.00000e+00  0.00000e+00  0.00000e+00  0.00000e+00
0475 -3.75977e-02  1.00000e+00  1.00000e+00  0.00000e+00  0.00000e+00  0.00000e+00
0476 -3.66211e-02  1.00000e+00  1.00000e+00  0.00000e+00  0.00000e+00  0.00000e+00
0477 -3.56445e-02  1.00000e+00  1.00000e+00  0.00000e+00  0.00000e+00  0.00000e+00
0478 -3.46680e-02  1.00000e+00  1.00000e+00  0.00000e+00  0.00000e+00  0.00000e+00
0479 -3.36914e-02  1.00000e+00  1.00000e+00  0.00000e+00  0.00000e+00  0.00000e+00
0480 -3.27148e-02  1.00000e+00  1.00000e+00  0.00000e+00  0.00000e+00  0.00000e+00
0481 -3.17383e-02  1.00000e+00  1.00000e+00  0.00000e+00  0.00000e+00  0.00000e+00
0482 -3.07617e-02  1.00000e+00  1.00000e+00  0.00000e+00  0.00000e+00  0.00000e+00
0483 -2.97852e-02  1.00000e+00  1.00000e+00  0.00000e+00  0.00000e+00  0.00000e+00
0484 -2.88086e-02  1.00000e+00  1.00000e+00  0.00000e+00  0.00000e+00  0.00000e+00
0485 -2.78320e-02  1.00000e+00  1.00000e+00  0.00000e+00  0.00000e+00  0.00000e+00
0486 -2.68555e-02  1.00000e+00  1.00000e+00  0.00000e+00  0.00000e+00  0.00000e+00
0487 -2.58789e-02  1.00000e+00  1.00000e+00  0.00000e+00  0.00000e+00  0.00000e+00
0488 -2.49023e-02  1.00000e+00  1.00000e+00  0.00000e+00  0.00000e+00  0.00000e+00
0489 -2.39258e-02  1.00000e+00  1.00000e+00  0.00000e+00  0.00000e+00  0.00000e+00
0490 -2.29492e-02  1.00000e+00  1.00000e+00  0.00000e+00  0.00000e+00  0.00000e+00
0491 -2.19727e-02  1.00000e+00  1.00000e+00  0.00000e+00  0.00000e+00  0.00000e+00
0492 -2.09961e-02  1.00000e+00  1.00000e+00  0.00000e+00  0.00000e+00  0.00000e+00
0493 -2.00195e-02  1.00000e+00  1.00000e+00  0.00000e+00  0.00000e+00  0.00000e+00
0494 -1.90430e-02  1.00000e+00  1.00000e+00  0.00000e+00  0.00000e+00  0.00000e+00
0495 -1.80664e-02  1.00000e+00  1.00000e+00  0.00000e+00  0.00000e+00  0.00000e+00
0496 -1.70898e-02  1.00000e+00  1.00000e+00  0.00000e+00  0.00000e+00  0.00000e+00
0497 -1.61133e-02  1.00000e+00  1.00000e+00  0.00000e+00  0.00000e+00  0.00000e+00
0498 -1.51367e-02  1.00000e+00  1.00000e+00  0.00000e+00  0.00000e+00  0.00000e+00
0499 -1.41602e-02  1.00000e+00  1.00000e+00  0.00000e+00  0.00000e+00  0.00000e+00
0500 -1.31836e-02  1.00000e+00  1.00000e+00  0.00000e+00  0.00000e+00  0.00000e+00
0501 -1.22070e-02  1.00000e+00  1.00000e+00  0.00000e+00  0.00000e+00  0.00000e+00
0502 -1.12305e-02  1.00000e+00  1.00000e+00  0.00000e+00  0.00000e+00  0.00000e+00
0503 -1.02539e-02  1.00000e+00  1.00000e+00  0.00000e+00  0.00000e+00  0.00000e+00
0504 -9.27734e-03  1.00000e+00  1.00000e+00  0.00000e+00  0.00000e+00  0.00000e+00
0505 -8.30078e-03  1.00000e+00  1.00000e+00  0.00000e+00  0.00000e+00  0.00000e+00
0506 -7.32422e-03  1.00000e+00  1.00000e+00  0.00000e+00  0.00000e+00  0.00000e+00
0507 -6.34766e-03  1.00000e+00  1.00000e+00  0.00000e+00  0.00000e+00  0.00000e+00
0508 -5.37109e-03  1.00000e+00  1.00000e+00  0.00000e+00  0.00000e+00  0.00000e+00
0509 -4.39453e-03  1.00000e+00  1.00000e+00  0.00000e+00  0.00000e+00  0.00000e+00
0510 -3.41797e-03  1.00000e+00  1.00000e+00  0.00000e+00  0.00000e+00  0.00000e+00
0511 -2.44141e-03  1.00000e+00  1.00000e+00  0.00000e+00  0.00000e+00  0.00000e+00
0512 -1.46484e-03  1.00000e+00  1.00000e+00  0.00000e+00  0.00000e+00  0.00000e+00
0513 -4.88281e-04  1.00000e+00  1.00000e+00  0.00000e+00  0.00000e+00  0.00000e+00
0514  4.88281e-04  1.25000e-01  1.00000e-01  0.00000e+00  0.00000e+00  0.00000e+00
0515  1.46484e-03  1.25000e-01  1.00000e-01  0.00000e+00  0.00000e+00  0.00000e+00
0516  2.44141e-03  1.25000e-01  1.00000e-01  0.00000e+00  0.00000e+00  0.00000e+00
0517  3.41797e-03  1.25000e-01  1.00000e-01  0.00000e+00  0.00000e+00  0.00000e+00
0518  4.39453e-03  1.25000e-01  1.00000e-01  0.00000e+00  0.00000e+00  0.00000e+00
0519  5.37109e-03  1.25000e-01  1.00000e-01  0.00000e+00  0.00000e+00  0.00000e+00
0520  6.34766e-03  1.25000e-01  1.00000e-01  0.00000e+00  0.00000e+00  0.00000e+00
0521  7.32422e-03  1.25000e-01  1.00000e-01  0.00000e+00  0.00000e+00  0.00000e+00
0522  8.30078e-03  1.25000e-01  1.00000e-01  0.00000e+00  0.00000e+00  0.00000e+00
0523  9.27734e-03  1.25000e-01  1.00000e-01  0.00000e+00  0.00000e+00  0.00000e+00
0524  1.02539e-02  1.25000e-01  1.00000e-01  0.00000e+00  0.00000e+00  0.00000e+00
0525  1.12305e-02  1.25000e-01  1.00000e-01  0.00000e+00  0.00000e+00  0.00000e+00
0526  1.22070e-02  1.25000e-01  1.00000e-01  0.00000e+00  0.00000e+00  0.00000e+00
0527  1.31836e-02  1.25000e-01  1.00000e-01  0.00000e+00  0.00000e+00  0.00000e+00
0528  1.41602e-02  1.25000e-01  1.00000e-01  0.00000e+00  0.00000e+00  0.00000e+00
0529  1.51367e-02  1.25000e-01  1.00000e-01  0.00000e+00  0.00000e+00  0.00000e+00
0530  1.61133e-02  1.25000e-01  1.00000e-01  0.00000e+00  0.00000e+00  0.00000e+00
0531  1.70898e-02  1.25000e-01  1.00000e-01  0.00000e+00  0.00000e+00  0.00000e+00
0532  1.80664e-02  1.25000e-01  1.00000e-01  0.00000e+00  0.00000e+00  0.00000e+00
0533  1.90430e-02  1.25000e-01  1.00000e-01  0.00000e+00  0.00000e+00  0.00000e+00
0534  2.00195e-02  1.25000e-01  1.00000e-01  0.00000e+00  0.00000e+00  0.00000e+00
0535  2.09961e-02  1.25000e-01  1.00000e-01  0.00000e+00  0.00000e+00  0.00000e+00
0536  2.19727e-02  1.25000e-01  1.00000e-01  0.00000e+00  0.00000e+00  0.00000e+00
0537  2.29492e-02  1.25000e-01  1.00000e-01  0.00000e+00  0.00000e+00  0.00000e+00
0538  2.39258e-02  1.25000e-01  1.00000e-01  0.00000e+00  0.00000e+00  0.00000e+00
0539  2.49023e-02  1.25000e-01  1.00000e-01  0.00000e+00  0.00000e+00  0.00000e+00
0540  2.58789e-02  1.25000e-01  1.00000e-01  0.00000e+00  0.00000e+00  0.00000e+00
0541  2.68555e-02  1.25000e-01  1.00000e-01  0.00000e+00  0.00000e+00  0.00000e+00
0542  2.78320e-02  1.25000e-01  1.00000e-01  0.00000e+00  0.00000e+00  0.00000e+00
0543  2.88086e-02  1.25000e-01  1.00000e-01  0.00000e+00  0.00000e+00  0.00000e+00
0544  2.97852e-02  1.25000e-01  1.00000e-01  0.00000e+00  0.00000e+00  0.00000e+00
0545  3.07617e-02  1.25000e-01  1.00000e-01  0.00000e+00  0.00000e+00  0.00000e+00
0546  3.17383e-02  1.25000e-01  1.00000e-01  0.00000e+00  0.00000e+00  0.00000e+00
0547  3.27148e-02  1.25000e-01  1.00000e-01  0.00000e+00  0.00000e+00  0.00000e+00
0548  3.36914e-02  1.25000e-01  1.00000e-01  0.00000e+00  0.00000e+00  0.00000e+00
0549  3.46680e-02  1.25000e-01  1.00000e-01  0.00000e+00  0.00000e+00  0.00000e+00
0550  3.56445e-02  1.25000e-01  1.00000e-01  0.00000e+00  0.00000e+00  0.00000e+00
0551  3.66211e-02  1.25000e-01  1.00000e-01  0.00000e+00  0.00000e+00  0.00000e+00
0552  3.75977e-02  1.25000e-01  1.00000e-01  0.00000e+00  0.00000e+00  0.00000e+00
0553  3.85742e-02  1.25000e-01  1.00000e-01  0.00000e+00  0.00000e+00  0.00000e+00
0554  3.95508e-02  1.25000e-01  1.00000e-01  0.00000e+00  0.00000e+00  0.00000e+00
0555  4.05273e-02  1.25000e-01  1.00000e-01  0.00000e+00  0.00000e+00  0.00000e+00
0556  4.15039e-02  1.25000e-01  1.00000e-01  0.00000e+00  0.00000e+00  0.00000e+00
0557  4.24805e-02  1.25000e-01  1.00000e-01  0.00000e+00  0.00000e+00  0.00000e+00
0558  4.34570e-02  1.25000e-01  1.00000e-01  0.00000e+00  0.00000e+00  0.00000e+00
0559  4.44336e-02  1.25000e-01  1.00000e-01  0.00000e+00  0.00000e+00  0.00000e+00
0560  4.54102e-02  1.25000e-01  1.00000e-01  0.00000e+00  0.00000e+00  0.00000e+00
0561  4.63867e-02  1.25000e-01  1.00000e-01  0.00000e+00  0.00000e+00  0.00000e+00
0562  4.73633e-02  1.25000e-01  1.00000e-01  0.00000e+00  0.00000e+00  0.00000e+00
0563  4.83398e-02  1.25000e-01  1.00000e-01  0.00000e+00  0.00000e+00  0.00000e+00
0564  4.93164e-02  1.25000e-01  1.00000e-01  0.00000e+00  0.00000e+00  0.00000e+00
0565  5.02930e-02  1.25000e-01  1.00000e-01  0.00000e+00  0.00000e+00  0.00000e+00
0566  5.12695e-02  1.25000e-01  1.00000e-01  0.00000e+00  0.00000e+00  0.00000e+00
0567  5.22461e-02  1.25000e-01  1.00000e-01  0.00000e+00  0.00000e+00  0.00000e+00
0568  5.32227e-02  1.25000e-01  1.00000e-01  0.00000e+00  0.00000e+00  0.00000e+00
0569  5.41992e-02  1.25000e-01  1.00000e-01  0.00000e+00  0.00000e+00  0.00000e+00
0570  5.51758e-02  1.25000e-01  1.00000e-01  0.00000e+00  0.00000e+00  0.00000e+00
0571  5.61523e-02  1.25000e-01  1.00000e-01  0.00000e+00  0.00000e+00  0.00000e+00
0572  5.71289e-02  1.25000e-01  1.00000e-01  0.00000e+00  0.00000e+00  0.00000e+00
0573  5.81055e-02  1.25000e-01  1.00000e-01  0.00000e+00  0.00000e+00  0.00000e+00
0574  5.90820e-02  1.25000e-01  1.00000e-01  0.00000e+00  0.00000e+00  0.00000e+00
0575  6.00586e-02  1.25000e-01  1.00000e-01  0.00000e+00  0.00000e+00  0.00000e+00
0576  6.10352e-02  1.25000e-01  1.00000e-01  0.00000e+00  0.00000e+00  0.00000e+00
0577  6.20117e-02  1.25000e-01  1.00000e-01  0.00000e+00  0.00000e+00  0.00000e+00
0578  6.29883e-02  1.25000e-01  1.00000e-01  0.00000e+00  0.00000e+00  0.00000e+00
0579  6.39648e-02  1.25000e-01  1.00000e-01  0.00000e+00  0.00000e+00  0.00000e+00
0580  6.49414e-02  1.25000e-01  1.00000e-01  0.00000e+00  0.00000e+00  0.00000e+00
0581  6.59180e-02  1.25000e-01  1.00000e-01  0.00000e+00  0.00000e+00  0.00000e+00
0582  6.68945e-02  1.25000e-01  1.00000e-01  0.00000e+00  0.00000e+00  0.00000e+00
0583  6.78711e-02  1.25000e-01  1.00000e-01  0.00000e+00  0.00000e+00  0.00000e+00
0584  6.88477e-02  1.25000e-01  1.00000e-01  0.00000e+00  0.00000e+00  0.00000e+00
0585  6.98242e-02  1.25000e-01  1.00000e-01  0.00000e+00  0.00000e+00  0.00000e+00
0586  7.08008e-02  1.25000e-01  1.00000e-01  0.00000e+00  0.00000e+00  0.00000e+00
0587  7.17773e-02  1.25000e-01  1.00000e-01  0.00000e+00  0.00000e+00  0.00000e+00
0588  7.27539e-02  1.25000e-01  1.00000e-01  0.00000e+00  0.00000e+00  0.00000e+00
0589  7.37305e-02  1.25000e-01  1.00000e-01  0.00000e+00  0.00000e+00  0.00000e+00
0590  7.47070e-02  1.25000e-01  1.00000e-01  0.00000e+00  0.00000e+00  0.00000e+00
0591  7.56836e-02  1.25000e-01  1.00000e-01  0.00000e+00  0.00000e+00  0.00000e+00
0592  7.66602e-02  1.25000e-01  1.00000e-01  0.00000e+00  0.00000e+00  0.00000e+00
0593  7.76367e-02  1.25000e-01  1.00000e-01  0.00000e+00  0.00000e+00  0.00000e+00
0594  7.86133e-02  1.25000e-01  1.00000e-01  0.00000e+00  0.00000e+00  0.00000e+00
0595  7.95898e-02  1.25000e-01  1.00000e-01  0.00000e+00  0.00000e+00  0.00000e+00
0596  8.05664e-02  1.25000e-01  1.00000e-01  0.00000e+00  0.00000e+00  0.00000e+00
0597  8.15430e-02  1.25000e-01  1.00000e-01  0.00000e+00  0.00000e+00  0.00000e+00
0598  8.25195e-02  1.25000e-01  1.00000e-01  0.00000e+00  0.00000e+00  0.00000e+00
0599  8.34961e-02  1.25000e-01  1.00000e-01  0.00000e+00  0.00000e+00  0.00000e+00
0600  8.44727e-02  1.25000e-01  1.00000e-01  0.00000e+00  0.00000e+00  0.00000e+00
0601  8.54492e-02  1.25000e-01  1.00000e-01  0.00000e+00  0.00000e+00  0.00000e+00
0602  8.64258e-02  1.25000e-01  1.00000e-01  0.00000e+00  0.00000e+00  0.00000e+00
0603  8.74023e-02  1.25000e-01  1.00000e-01  0.00000e+00  0.00000e+00  0.00000e+00
0604  8.83789e-02  1.25000e-01  1.00000e-01  0.00000e+00  0.00000e+00  0.00000e+00
0605  8.93555e-02  1.25000e-01  1.00000e-01  0.00000e+00  0.00000e+00  0.00000e+00
0606  9.03320e-02  1.25000e-01  1.00000e-01  0.00000e+00  0.00000e+00  0.00000e+00
0607  9.13086e-02  1.25000e-01  1.00000e-01  0.00000e+00  0.00000e+00  0.00000e+00
0608  9.22852e-02  1.25000e-01  1.00000e-01  0.00000e+00  0.00000e+00  0.00000e+00
0609  9.32617e-02  1.25000e-01  1.00000e-01  0.00000e+00  0.00000e+00  0.00000e+00
0610  9.42383e-02  1.25000e-01  1.00000e-01  0.00000e+00  0.00000e+00  0.00000e+00
0611  9.52148e-02  1.25000e-01  1.00000e-01  0.00000e+00  0.00000e+00  0.00000e+00
0612  9.61914e-02  1.25000e-01  1.00000e-01  0.00000e+00  0.00000e+00  0.00000e+00
0613  9.71680e-02  1.25000e-01  1.00000e-01  0.00000e+00  0.00000e+00  0.00000e+00
0614  9.81445e-02  1.25000e-01  1.00000e-01  0.00000e+00  0.00000e+00  0.00000e+00
0615  9.91211e-02  1.25000e-01  1.00000e-01  0.00000e+00  0.00000e+00  0.00000e+00
0616  1.00098e-01  1.25000e-01  1.00000e-01  0.00000e+00  0.00000e+00  0.00000e+00
0617  1.01074e-01  1.25000e-01  1.00000e-01  0.00000e+00  0.00000e+00  0.00000e+00
0618  1.02051e-01  1.25000e-01  1.00000e-01  0.00000e+00  0.00000e+00  0.00000e+00
0619  1.03027e-01  1.25000e-01  1.00000e-01  0.00000e+00  0.00000e+00  0.00000e+00
0620  1.04004e-01  1.25000e-01  1.00000e-01  0.00000e+00  0.00000e+00  0.00000e+00
0621  1.04980e-01  1.25000e-01  1.00000e-01  0.00000e+00  0.00000e+00  0.00000e+00
0622  1.05957e-01  1.25000e-01  1.00000e-01  0.00000e+00  0.00000e+00  0.00000e+00
0623  1.06934e-01  1.25000e-01  1.00000e-01  0.00000e+00  0.00000e+00  0.00000e+00
0624  1.07910e-01  1.25000e-01  1.00000e-01  0.00000e+00  0.00000e+00  0.00000e+00
0625  1.08887e-01  1.25000e-01  1.00000e-01  0.00000e+00  0.00000e+00  0.00000e+00
0626  1.09863e-01  1.25000e-01  1.00000e-01  0.00000e+00  0.00000e+00  0.00000e+00
0627  1.10840e-01  1.25000e-01  1.00000e-01  0.00000e+00  0.00000e+00  0.00000e+00
0628  1.11816e-01  1.25000e-01  1.00000e-01  0.00000e+00  0.00000e+00  0.00000e+00
0629  1.12793e-01  1.25000e-01  1.00000e-01  0.00000e+00  0.00000e+00  0.00000e+00
0630  1.13770e-01  1.25000e-01  1.00000e-01  0.00000e+00  0.00000e+00  0.00000e+00
0631  1.14746e-01  1.25000e-01  1.00000e-01  0.00000e+00  0.00000e+00  0.00000e+00
0632  1.15723e-01  1.25000e-01  1.00000e-01  0.00000e+00  0.00000e+00  0.00000e+00
0633  1.16699e-01  1.25000e-01  1.00000e-01  0.00000e+00  0.00000e+00  0.00000e+00
0634  1.17676e-01  1.25000e-01  1.00000e-01  0.00000e+00  0.00000e+00  0.00000e+00
0635  1.18652e-01  1.25000e-01  1.00000e-01  0.00000e+00  0.00000e+00  0.00000e+00
0636  1.19629e-01  1.25000e-01  1.00000e-01  0.00000e+00  0.00000e+00  0.00000e+00
0637  1.20605e-01  1.25000e-01  1.00000e-01  0.00000e+00  0.00000e+00  0.00000e+00
0638  1.21582e-01  1.25000e-01  1.00000e-01  0.00000e+00  0.00000e+00  0.00000e+00
0639  1.22559e-01  1.25000e-01  1.00000e-01  0.00000e+00  0.00000e+00  0.00000e+00
0640  1.23535e-01  1.25000e-01  1.00000e-01  0.00000e+00  0.00000e+00  0.00000e+00
0641  1.24512e-01  1.25000e-01  1.00000e-01  0.00000e+00  0.00000e+00  0.00000e+00
0642  1.25488e-01  1.25000e-01  1.00000e-01  0.00000e+00  0.00000e+00  0.00000e+00
0643  1.26465e-01  1.25000e-01  1.00000e-01  0.00000e+00  0.00000e+00  0.00000e+00
0644  1.27441e-01  1.25000e-01  1.00000e-01  0.00000e+00  0.00000e+00  0.00000e+00
0645  1.28418e-01  1.25000e-01  1.00000e-01  0.00000e+00  0.00000e+00  0.00000e+00
0646  1.29395e-01  1.25000e-01  1.00000e-01  0.00000e+00  0.00000e+00  0.00000e+00
0647  1.30371e-01  1.25000e-01  1.00000e-01  0.00000e+00  0.00000e+00  0.00000e+00
0648  1.31348e-01  1.25000e-01  1.00000e-01  0.00000e+00  0.00000e+00  0.00000e+00
0649  1.32324e-01  1.25000e-01  1.00000e-01  0.00000e+00  0.00000e+00  0.00000e+00
0650  1.33301e-01  1.25000e-01  1.00000e-01  0.00000e+00  0.00000e+00  0.00000e+00
0651  1.34277e-01  1.25000e-01  1.00000e-01  0.00000e+00  0.00000e+00  0.00000e+00
0652  1.35254e-01  1.25000e-01  1.00000e-01  0.00000e+00  0.00000e+00  0.00000e+00
0653  1.36230e-01  1.25000e-01  1.00000e-01  0.00000e+00  0.00000e+00  0.00000e+00
0654  1.37207e-01  1.25000e-01  1.00000e-01  0.00000e+00  0.00000e+00  0.00000e+00
0655  1.38184e-01  1.25000e-01  1.00000e-01  0.00000e+00  0.00000e+00  0.00000e+00
0656  1.39160e-01  1.25000e-01  1.00000e-01  0.00000e+00  0.00000e+00  0.00000e+00
0657  1.40137e-01  1.25000e-01  1.00000e-01  0.00000e+00  0.00000e+00  0.00000e+00
0658  1.41113e-01  1.25000e-01  1.00000e-01  0.00000e+00  0.00000e+00  0.00000e+00
0659  1.42090e-01  1.25000e-01  1.00000e-01  0.00000e+00  0.00000e+00  0.00000e+00
0660  1.43066e-01  1.25000e-01  1.00000e-01  0.00000e+00  0.00000e+00  0.00000e+00
0661  1.44043e-01  1.25000e-01  1.00000e-01  0.00000e+00  0.00000e+00  0.00000e+00
0662  1.45020e-01  1.25000e-01  1.00000e-01  0.00000e+00  0.00000e+00  0.00000e+00
0663  1.45996e-01  1.25000e-01  1.00000e-01  0.00000e+00  0.00000e+00  0.00000e+00
0664  1.46973e-01  1.25000e-01  1.00000e-01  0.00000e+00  0.00000e+00  0.00000e+00
0665  1.47949e-01  1.25000e-01  1.00000e-01  0.00000e+00  0.00000e+00  0.00000e+00
0666  1.48926e-01  1.25000e-01  1.00000e-01  0.00000e+00  0.00000e+00  0.00000e+00
0667  1.49902e-01  1.25000e-01  1.00000e-01  0.00000e+00  0.00000e+00  0.00000e+00
0668  1.50879e-01  1.25000e-01  1.00000e-01  0.00000e+00  0.00000e+00  0.00000e+00
0669  1.51855e-01  1.25000e-01  1.00000e-01  0.00000e+00  0.00000e+00  0.00000e+00
0670  1.52832e-01  1.25000e-01  1.00000e-01  0.00000e+00  0.00000e+00  0.00000e+00
0671  1.53809e-01  1.25000e-01  1.00000e-01  0.00000e+00  0.00000e+00  0.00000e+00
0672  1.54785e-01  1.25000e-01  1.00000e-01  0.00000e+00  0.00000e+00  0.00000e+00
0673  1.55762e-01  1.25000e-01  1.00000e-01  0.00000e+00  0.00000e+00  0.00000e+00
0674  1.56738e-01  1.25000e-01  1.00000e-01  0.00000e+00  0.00000e+00  0.00000e+00
0675  1.57715e-01  1.25000e-01  1.00000e-01  0.00000e+00  0.00000e+00  0.00000e+00
0676  1.58691e-01  1.25000e-01  1.00000e-01  0.00000e+00  0.00000e+00  0.00000e+00
0677  1.59668e-01  1.25000e-01  1.00000e-01  0.00000e+00  0.00000e+00  0.00000e+00
0678  1.60645e-01  1.25000e-01  1.00000e-01  0.00000e+00  0.00000e+00  0.00000e+00
0679  1.61621e-01  1.25000e-01  1.00000e-01  0.00000e+00  0.00000e+00  0.00000e+00
0680  1.62598e-01  1.25000e-01  1.00000e-01  0.00000e+00  0.00000e+00  0.00000e+00
0681  1.63574e-01  1.25000e-01  1.00000e-01  0.00000e+00  0.00000e+00  0.00000e+00
0682  1.64551e-01  1.25000e-01  1.00000e-01  0.00000e+00  0.00000e+00  0.00000e+00
0683  1.65527e-01  1.25000e-01  1.00000e-01  0.00000e+00  0.00000e+00  0.00000e+00
0684  1.66504e-01  1.25000e-01  1.00000e-01  0.00000e+00  0.00000e+00  0.00000e+00
0685  1.67480e-01  1.25000e-01  1.00000e-01  0.00000e+00  0.00000e+00  0.00000e+00
0686  1.68457e-01  1.25000e-01  1.00000e-01  0.00000e+00  0.00000e+00  0.00000e+00
0687  1.69434e-01  1.25000e-01  1.00000e-01  0.00000e+00  0.00000e+00  0.00000e+00
0688  1.70410e-01  1.25000e-01  1.00000e-01  0.00000e+00  0.00000e+00  0.00000e+00
0689  1.71387e-01  1.25000e-01  1.00000e-01  0.00000e+00  0.00000e+00  0.00000e+00
0690  1.72363e-01  1.25000e-01  1.00000e-01  0.00000e+00  0.00000e+00  0.00000e+00
0691  1.73340e-01  1.25000e-01  1.00000e-01  0.00000e+00  0.00000e+00  0.00000e+00
0692  1.74316e-01  1.25000e-01  1.00000e-01  0.00000e+00  0.00000e+00  0.00000e+00
0693  1.75293e-01  1.25000e-01  1.00000e-01  0.00000e+00  0.00000e+00  0.00000e+00
0694  1.76270e-01  1.25000e-01  1.00000e-01  0.00000e+00  0.00000e+00  0.00000e+00
0695  1.77246e-01  1.25000e-01  1.00000e-01  0.00000e+00  0.00000e+00  0.00000e+00
0696  1.78223e-01  1.25000e-01  1.00000e-01  0.00000e+00  0.00000e+00  0.00000e+00
0697  1.79199e-01  1.25000e-01  1.00000e-01  0.00000e+00  0.00000e+00  0.00000e+00
0698  1.80176e-01  1.25000e-01  1.00000e-01  0.00000e+00  0.00000e+00  0.00000e+00
0699  1.81152e-01  1.25000e-01  1.00000e-01  0.00000e+00  0.00000e+00  0.00000e+00
0700  1.82129e-01  1.25000e-01  1.00000e-01  0.00000e+00  0.00000e+00  0.00000e+00
0701  1.83105e-01  1.25000e-01  1.00000e-01  0.00000e+00  0.00000e+00  0.00000e+00
0702  1.84082e-01  1.25000e-01  1.00000e-01  0.00000e+00  0.00000e+00  0.00000e+00
0703  1.85059e-01  1.25000e-01  1.00000e-01  0.00000e+00  0.00000e+00  0.00000e+00
0704  1.86035e-01  1.25000e-01  1.00000e-01  0.00000e+00  0.00000e+00  0.00000e+00
0705  1.87012e-01  1.25000e-01  1.00000e-01  0.00000e+00  0.00000e+00  0.00000e+00
0706  1.87988e-01  1.25000e-01  1.00000e-01  0.00000e+00  0.00000e+00  0.00000e+00
0707  1.88965e-01  1.25000e-01  1.00000e-01  0.00000e+00  0.00000e+00  0.00000e+00
0708  1.89941e-01  1.25000e-01  1.00000e-01  0.00000e+00  0.00000e+00  0.00000e+00
0709  1.90918e-01  1.25000e-01  1.00000e-01  0.00000e+00  0.00000e+00  0.00000e+00
0710  1.91895e-01  1.25000e-01  1.00000e-01  0.00000e+00  0.00000e+00  0.00000e+00
0711  1.92871e-01  1.25000e-01  1.00000e-01  0.00000e+00  0.00000e+00  0.00000e+00
0712  1.93848e-01  1.25000e-01  1.00000e-01  0.00000e+00  0.00000e+00  0.00000e+00
0713  1.94824e-01  1.25000e-01  1.00000e-01  0.00000e+00  0.00000e+00  0.00000e+00
0714  1.95801e-01  1.25000e-01  1.00000e-01  0.00000e+00  0.00000e+00  0.00000e+00
0715  1.96777e-01  1.25000e-01  1.00000e-01  0.00000e+00  0.00000e+00  0.00000e+00
0716  1.97754e-01  1.25000e-01  1.00000e-01  0.00000e+00  0.00000e+00  0.00000e+00
0717  1.98730e-01  1.25000e-01  1.00000e-01  0.00000e+00  0.00000e+00  0.00000e+00
0718  1.99707e-01  1.25000e-01  1.00000e-01  0.00000e+00  0.00000e+00  0.00000e+00
0719  2.00684e-01  1.25000e-01  1.00000e-01  0.00000e+00  0.00000e+00  0.00000e+00
0720  2.01660e-01  1.25000e-01  1.00000e-01  0.00000e+00  0.00000e+00  0.00000e+00
0721  2.02637e-01  1.25000e-01  1.00000e-01  0.00000e+00  0.00000e+00  0.00000e+00
0722  2.03613e-01  1.25000e-01  1.00000e-01  0.00000e+00  0.00000e+00  0.00000e+00
0723  2.04590e-01  1.25000e-01  1.00000e-01  0.00000e+00  0.00000e+00  0.00000e+00
0724  2.05566e-01  1.25000e-01  1.00000e-01  0.00000e+00  0.00000e+00  0.00000e+00
0725  2.06543e-01  1.25000e-01  1.00000e-01  0.00000e+00  0.00000e+00  0.00000e+00
0726  2.07520e-01  1.25000e-01  1.00000e-01  0.00000e+00  0.00000e+00  0.00000e+00
0727  2.08496e-01  1.25000e-01  1.00000e-01  0.00000e+00  0.00000e+00  0.00000e+00
0728  2.09473e-01  1.25000e-01  1.00000e-01  0.00000e+00  0.00000e+00  0.00000e+00
0729  2.10449e-01  1.25000e-01  1.00000e-01  0.00000e+00  0.00000e+00  0.00000e+00
0730  2.11426e-01  1.25000e-01  1.00000e-01  0.00000e+00  0.00000e+00  0.00000e+00
0731  2.12402e-01  1.25000e-01  1.00000e-01  0.00000e+00  0.00000e+00  0.00000e+00
0732  2.13379e-01  1.25000e-01  1.00000e-01  0.00000e+00  0.00000e+00  0.00000e+00
0733  2.14355e-01  1.25000e-01  1.00000e-01  0.00000e+00  0.00000e+00  0.00000e+00
0734  2.15332e-01  1.25000e-01  1.00000e-01  0.00000e+00  0.00000e+00  0.00000e+00
0735  2.16309e-01  1.25000e-01  1.00000e-01  0.00000e+00  0.00000e+00  0.00000e+00
0736  2.17285e-01  1.25000e-01  1.00000e-01  0.00000e+00  0.00000e+00  0.00000e+00
0737  2.18262e-01  1.25000e-01  1.00000e-01  0.00000e+00  0.00000e+00  0.00000e+00
0738  2.19238e-01  1.25000e-01  1.00000e-01  0.00000e+00  0.00000e+00  0.00000e+00
0739  2.20215e-01  1.25000e-01  1.00000e-01  0.00000e+00  0.00000e+00  0.00000e+00
0740  2.21191e-01  1.25000e-01  1.00000e-01  0.00000e+00  0.00000e+00  0.00000e+00
0741  2.22168e-01  1.25000e-01  1.00000e-01  0.00000e+00  0.00000e+00  0.00000e+00
0742  2.23145e-01  1.25000e-01  1.00000e-01  0.00000e+00  0.00000e+00  0.00000e+00
0743  2.24121e-01  1.25000e-01  1.00000e-01  0.00000e+00  0.00000e+00  0.00000e+00
0744  2.25098e-01  1.25000e-01  1.00000e-01  0.00000e+00  0.00000e+00  0.00000e+00
0745  2.26074e-01  1.25000e-01  1.00000e-01  0.00000e+00  0.00000e+00  0.00000e+00
0746  2.27051e-01  1.25000e-01  1.00000e-01  0.00000e+00  0.00000e+00  0.00000e+00
0747  2.28027e-01  1.25000e-01  1.00000e-01  0.00000e+00  0.00000e+00  0.00000e+00
0748  2.29004e-01  1.25000e-01  1.00000e-01  0.00000e+00  0.00000e+00  0.00000e+00
0749  2.29980e-01  1.25000e-01  1.00000e-01  0.00000e+00  0.00000e+00  0.00000e+00
0750  2.30957e-01  1.25000e-01  1.00000e-01  0.00000e+00  0.00000e+00  0.00000e+00
0751  2.31934e-01  1.25000e-01  1.00000e-01  0.00000e+00  0.00000e+00  0.00000e+00
0752  2.32910e-01  1.25000e-01  1.00000e-01  0.00000e+00  0.00000e+00  0.00000e+00
0753  2.33887e-01  1.25000e-01  1.00000e-01  0.00000e+00  0.00000e+00  0.00000e+00
0754  2.34863e-01  1.25000e-01  1.00000e-01  0.00000e+00  0.00000e+00  0.00000e+00
0755  2.35840e-01  1.25000e-01  1.00000e-01  0.00000e+00  0.00000e+00  0.00000e+00
0756  2.36816e-01  1.25000e-01  1.00000e-01  0.00000e+00  0.00000e+00  0.00000e+00
0757  2.37793e-01  1.25000e-01  1.00000e-01  0.00000e+00  0.00000e+00  0.00000e+00
0758  2.38770e-01  1.25000e-01  1.00000e-01  0.00000e+00  0.00000e+00  0.00000e+00
0759  2.39746e-01  1.25000e-01  1.00000e-01  0.00000e+00  0.00000e+00  0.00000e+00
0760  2.40723e-01  1.25000e-01  1.00000e-01  0.00000e+00  0.00000e+00  0.00000e+00
0761  2.41699e-01  1.25000e-01  1.00000e-01  0.00000e+00  0.00000e+00  0.00000e+00
0762  2.42676e-01  1.25000e-01  1.00000e-01  0.00000e+00  0.00000e+00  0.00000e+00
0763  2.43652e-01  1.25000e-01  1.00000e-01  0.00000e+00  0.00000e+00  0.00000e+00
0764  2.44629e-01  1.25000e-01  1.00000e-01  0.00000e+00  0.00000e+00  0.00000e+00
0765  2.45605e-01  1.25000e-01  1.00000e-01  0.00000e+00  0.00000e+00  0.00000e+00
0766  2.46582e-01  1.25000e-01  1.00000e-01  0.00000e+00  0.00000e+00  0.00000e+00
0767  2.47559e-01  1.25000e-01  1.00000e-01  0.00000e+00  0.00000e+00  0.00000e+00
0768  2.48535e-01  1.25000e-01  1.00000e-01  0.00000e+00  0.00000e+00  0.00000e+00
0769  2.49512e-01  1.25000e-01  1.00000e-01  0.00000e+00  0.00000e+00  0.00000e+00
0770  2.50488e-01  1.25000e-01  1.00000e-01  0.00000e+00  0.00000e+00  0.00000e+00
0771  2.51465e-01  1.25000e-01  1.00000e-01  0.00000e+00  0.00000e+00  0.00000e+00
0772  2.52441e-01  1.25000e-01  1.00000e-01  0.00000e+00  0.00000e+00  0.00000e+00
0773  2.53418e-01  1.25000e-01  1.00000e-01  0.00000e+00  0.00000e+00  0.00000e+00
0774  2.54395e-01  1.25000e-01  1.00000e-01  0.00000e+00  0.00000e+00  0.00000e+00
0775  2.55371e-01  1.25000e-01  1.00000e-01  0.00000e+00  0.00000e+00  0.00000e+00
0776  2.56348e-01  1.25000e-01  1.00000e-01  0.00000e+00  0.00000e+00  0.00000e+00
0777  2.57324e-01  1.25000e-01  1.00000e-01  0.00000e+00  0.00000e+00  0.00000e+00
0778  2.58301e-01  1.25000e-01  1.00000e-01  0.00000e+00  0.00000e+00  0.00000e+00
0779  2.59277e-01  1.25000e-01  1.00000e-01  0.00000e+00  0.00000e+00  0.00000e+00
0780  2.60254e-01  1.25000e-01  1.00000e-01  0.00000e+00  0.00000e+00  0.00000e+00
0781  2.61230e-01  1.25000e-01  1.00000e-01  0.00000e+00  0.00000e+00  0.00000e+00
0782  2.62207e-01  1.25000e-01  1.00000e-01  0.00000e+00  0.00000e+00  0.00000e+00
0783  2.63184e-01  1.25000e-01  1.00000e-01  0.00000e+00  0.00000e+00  0.00000e+00
0784  2.64160e-01  1.25000e-01  1.00000e-01  0.00000e+00  0.00000e+00  0.00000e+00
0785  2.65137e-01  1.25000e-01  1.00000e-01  0.00000e+00  0.00000e+00  0.00000e+00
0786  2.66113e-01  1.25000e-01  1.00000e-01  0.00000e+00  0.00000e+00  0.00000e+00
0787  2.67090e-01  1.25000e-01  1.00000e-01  0.00000e+00  0.00000e+00  0.00000e+00
0788  2.68066e-01  1.25000e-01  1.00000e-01  0.00000e+00  0.00000e+00  0.00000e+00
0789  2.69043e-01  1.25000e-01  1.00000e-01  0.00000e+00  0.00000e+00  0.00000e+00
0790  2.70020e-01  1.25000e-01  1.00000e-01  0.00000e+00  0.00000e+00  0.00000e+00
0791  2.70996e-01  1.25000e-01  1.00000e-01  0.00000e+00  0.00000e+00  0.00000e+00
0792  2.71973e-01  1.25000e-01  1.00000e-01  0.00000e+00  0.00000e+00  0.00000e+00
0793  2.72949e-01  1.25000e-01  1.00000e-01  0.00000e+00  0.00000e+00  0.00000e+00
0794  2.73926e-01  1.25000e-01  1.00000e-01  0.00000e+00  0.00000e+00  0.00000e+00
0795  2.74902e-01  1.25000e-01  1.00000e-01  0.00000e+00  0.00000e+00  0.00000e+00
0796  2.75879e-01  1.25000e-01  1.00000e-01  0.00000e+00  0.00000e+00  0.00000e+00
0797  2.76855e-01  1.25000e-01  1.00000e-01  0.00000e+00  0.00000e+00  0.00000e+00
0798  2.77832e-01  1.25000e-01  1.00000e-01  0.00000e+00  0.00000e+00  0.00000e+00
0799  2.78809e-01  1.25000e-01  1.00000e-01  0.00000e+00  0.00000e+00  0.00000e+00
0800  2.79785e-01  1.25000e-01  1.00000e-01  0.00000e+00  0.00000e+00  0.00000e+00
0801  2.80762e-01  1.25000e-01  1.00000e-01  0.00000e+00  0.00000e+00  0.00000e+00
0802  2.81738e-01  1.25000e-01  1.00000e-01  0.00000e+00  0.00000e+00  0.00000e+00
0803  2.82715e-01  1.25000e-01  1.00000e-01  0.00000e+00  0.00000e+00  0.00000e+00
0804  2.83691e-01  1.25000e-01  1.00000e-01  0.00000e+00  0.00000e+00  0.00000e+00
0805  2.84668e-01  1.25000e-01  1.00000e-01  0.00000e+00  0.00000e+00  0.00000e+00
0806  2.85645e-01  1.25000e-01  1.00000e-01  0.00000e+00  0.00000e+00  0.00000e+00
0807  2.86621e-01  1.25000e-01  1.00000e-01  0.00000e+00  0.00000e+00  0.00000e+00
0808  2.87598e-01  1.25000e-01  1.00000e-01  0.00000e+00  0.00000e+00  0.00000e+00
0809  2.88574e-01  1.25000e-01  1.00000e-01  0.00000e+00  0.00000e+00  0.00000e+00
0810  2.89551e-01  1.25000e-01  1.00000e-01  0.00000e+00  0.00000e+00  0.00000e+00
0811  2.90527e-01  1.25000e-01  1.00000e-01  0.00000e+00  0.00000e+00  0.00000e+00
0812  2.91504e-01  1.25000e-01  1.00000e-01  0.00000e+00  0.00000e+00  0.00000e+00
0813  2.92480e-01  1.25000e-01  1.00000e-01  0.00000e+00  0.00000e+00  0.00000e+00
0814  2.93457e-01  1.25000e-01  1.00000e-01  0.00000e+00  0.00000e+00  0.00000e+00
0815  2.94434e-01  1.25000e-01  1.00000e-01  0.00000e+00  0.00000e+00  0.00000e+00
0816  2.95410e-01  1.25000e-01  1.00000e-01  0.00000e+00  0.00000e+00  0.00000e+00
0817  2.96387e-01  1.25000e-01  1.00000e-01  0.00000e+00  0.00000e+00  0.00000e+00
0818  2.97363e-01  1.25000e-01  1.00000e-01  0.00000e+00  0.00000e+00  0.00000e+00
0819  2.98340e-01  1.25000e-01  1.00000e-01  0.00000e+00  0.00000e+00  0.00000e+00
0820  2.99316e-01  1.25000e-01  1.00000e-01  0.00000e+00  0.00000e+00  0.00000e+00
0821  3.00293e-01  1.25000e-01  1.00000e-01  0.00000e+00  0.00000e+00  0.00000e+00
0822  3.01270e-01  1.25000e-01  1.00000e-01  0.00000e+00  0.00000e+00  0.00000e+00
0823  3.02246e-01  1.25000e-01  1.00000e-01  0.00000e+00  0.00000e+00  0.00000e+00
0824  3.03223e-01  1.25000e-01  1.00000e-01  0.00000e+00  0.00000e+00  0.00000e+00
0825  3.04199e-01  1.25000e-01  1.00000e-01  0.00000e+00  0.00000e+00  0.00000e+00
0826  3.05176e-01  1.25000e-01  1.00000e-01  0.00000e+00  0.00000e+00  0.00000e+00
0827  3.06152e-01  1.25000e-01  1.00000e-01  0.00000e+00  0.00000e+00  0.00000e+00
0828  3.07129e-01  1.25000e-01  1.00000e-01  0.00000e+00  0.00000e+00  0.00000e+00
0829  3.08105e-01  1.25000e-01  1.00000e-01  0.00000e+00  0.00000e+00  0.00000e+00
0830  3.09082e-01  1.25000e-01  1.00000e-01  0.00000e+00  0.00000e+00  0.00000e+00
0831  3.10059e-01  1.25000e-01  1.00000e-01  0.00000e+00  0.00000e+00  0.00000e+00
0832  3.11035e-01  1.25000e-01  1.00000e-01  0.00000e+00  0.00000e+00  0.00000e+00
0833  3.12012e-01  1.25000e-01  1.00000e-01  0.00000e+00  0.00000e+00  0.00000e+00
0834  3.12988e-01  1.25000e-01  1.00000e-01  0.00000e+00  0.00000e+00  0.00000e+00
0835  3.13965e-01  1.25000e-01  1.00000e-01  0.00000e+00  0.00000e+00  0.00000e+00
0836  3.14941e-01  1.25000e-01  1.00000e-01  0.00000e+00  0.00000e+00  0.00000e+00
0837  3.15918e-01  1.25000e-01  1.00000e-01  0.00000e+00  0.00000e+00  0.00000e+00
0838  3.16895e-01  1.25000e-01  1.00000e-01  0.00000e+00  0.00000e+00  0.00000e+00
0839  3.17871e-01  1.25000e-01  1.00000e-01  0.00000e+00  0.00000e+00  0.00000e+00
0840  3.18848e-01  1.25000e-01  1.00000e-01  0.00000e+00  0.00000e+00  0.00000e+00
0841  3.19824e-01  1.25000e-01  1.00000e-01  0.00000e+00  0.00000e+00  0.00000e+00
0842  3.20801e-01  1.25000e-01  1.00000e-01  0.00000e+00  0.00000e+00  0.00000e+00
0843  3.21777e-01  1.25000e-01  1.00000e-01  0.00000e+00  0.00000e+00  0.00000e+00
0844  3.22754e-01  1.25000e-01  1.00000e-01  0.00000e+00  0.00000e+00  0.00000e+00
0845  3.23730e-01  1.25000e-01  1.00000e-01  0.00000e+00  0.00000e+00  0.00000e+00
0846  3.24707e-01  1.25000e-01  1.00000e-01  0.00000e+00  0.00000e+00  0.00000e+00
0847  3.25684e-01  1.25000e-01  1.00000e-01  0.00000e+00  0.00000e+00  0.00000e+00
0848  3.26660e-01  1.25000e-01  1.00000e-01  0.00000e+00  0.00000e+00  0.00000e+00
0849  3.27637e-01  1.25000e-01  1.00000e-01  0.00000e+00  0.00000e+00  0.00000e+00
0850  3.28613e-01  1.25000e-01  1.00000e-01  0.00000e+00  0.00000e+00  0.00000e+00
0851  3.29590e-01  1.25000e-01  1.00000e-01  0.00000e+00  0.00000e+00  0.00000e+00
0852  3.30566e-01  1.25000e-01  1.00000e-01  0.00000e+00  0.00000e+00  0.00000e+00
0853  3.31543e-01  1.25000e-01  1.00000e-01  0.00000e+00  0.00000e+00  0.00000e+00
0854  3.32520e-01  1.25000e-01  1.00000e-01  0.00000e+00  0.00000e+00  0.00000e+00
0855  3.33496e-01  1.25000e-01  1.00000e-01  0.00000e+00  0.00000e+00  0.00000e+00
0856  3.34473e-01  1.25000e-01  1.00000e-01  0.00000e+00  0.00000e+00  0.00000e+00
0857  3.35449e-01  1.25000e-01  1.00000e-01  0.00000e+00  0.00000e+00  0.00000e+00
0858  3.36426e-01  1.25000e-01  1.00000e-01  0.00000e+00  0.00000e+00  0.00000e+00
0859  3.37402e-01  1.25000e-01  1.00000e-01  0.00000e+00  0.00000e+00  0.00000e+00
0860  3.38379e-01  1.25000e-01  1.00000e-01  0.00000e+00  0.00000e+00  0.00000e+00
0861  3.39355e-01  1.25000e-01  1.00000e-01  0.00000e+00  0.00000e+00  0.00000e+00
0862  3.40332e-01  1.25000e-01  1.00000e-01  0.00000e+00  0.00000e+00  0.00000e+00
0863  3.41309e-01  1.25000e-01  1.00000e-01  0.00000e+00  0.00000e+00  0.00000e+00
0864  3.42285e-01  1.25000e-01  1.00000e-01  0.00000e+00  0.00000e+00  0.00000e+00
0865  3.43262e-01  1.25000e-01  1.00000e-01  0.00000e+00  0.00000e+00  0.00000e+00
0866  3.44238e-01  1.25000e-01  1.00000e-01  0.00000e+00  0.00000e+00  0.00000e+00
0867  3.45215e-01  1.25000e-01  1.00000e-01  0.00000e+00  0.00000e+00  0.00000e+00
0868  3.46191e-01  1.25000e-01  1.00000e-01  0.00000e+00  0.00000e+00  0.00000e+00
0869  3.47168e-01  1.25000e-01  1.00000e-01  0.00000e+00  0.00000e+00  0.00000e+00
0870  3.48145e-01  1.25000e-01  1.00000e-01  0.00000e+00  0.00000e+00  0.00000e+00
0871  3.49121e-01  1.25000e-01  1.00000e-01  0.00000e+00  0.00000e+00  0.00000e+00
0872  3.50098e-01  1.25000e-01  1.00000e-01  0.00000e+00  0.00000e+00  0.00000e+00
0873  3.51074e-01  1.25000e-01  1.00000e-01  0.00000e+00  0.00000e+00  0.00000e+00
0874  3.52051e-01  1.25000e-01  1.00000e-01  0.00000e+00  0.00000e+00  0.00000e+00
0875  3.53027e-01  1.25000e-01  1.00000e-01  0.00000e+00  0.00000e+00  0.00000e+00
0876  3.54004e-01  1.25000e-01  1.00000e-01  0.00000e+00  0.00000e+00  0.00000e+00
0877  3.54980e-01  1.25000e-01  1.00000e-01  0.00000e+00  0.00000e+00  0.00000e+00
0878  3.55957e-01  1.25000e-01  1.00000e-01  0.00000e+00  0.00000e+00  0.00000e+00
0879  3.56934e-01  1.25000e-01  1.00000e-01  0.00000e+00  0.00000e+00  0.00000e+00
0880  3.57910e-01  1.25000e-01  1.00000e-01  0.00000e+00  0.00000e+00  0.00000e+00
0881  3.58887e-01  1.25000e-01  1.00000e-01  0.00000e+00  0.00000e+00  0.00000e+00
0882  3.59863e-01  1.25000e-01  1.00000e-01  0.00000e+00  0.00000e+00  0.00000e+00
0883  3.60840e-01  1.25000e-01  1.00000e-01  0.00000e+00  0.00000e+00  0.00000e+00
0884  3.61816e-01  1.25000e-01  1.00000e-01  0.00000e+00  0.00000e+00  0.00000e+00
0885  3.62793e-01  1.25000e-01  1.00000e-01  0.00000e+00  0.00000e+00  0.00000e+00
0886  3.63770e-01  1.25000e-01  1.00000e-01  0.00000e+00  0.00000e+00  0.00000e+00
0887  3.64746e-01  1.25000e-01  1.00000e-01  0.00000e+00  0.00000e+00  0.00000e+00
0888  3.65723e-01  1.25000e-01  1.00000e-01  0.00000e+00  0.00000e+00  0.00000e+00
0889  3.66699e-01  1.25000e-01  1.00000e-01  0.00000e+00  0.00000e+00  0.00000e+00
0890  3.67676e-01  1.25000e-01  1.00000e-01  0.00000e+00  0.00000e+00  0.00000e+00
0891  3.68652e-01  1.25000e-01  1.00000e-01  0.00000e+00  0.00000e+00  0.00000e+00
0892  3.69629e-01  1.25000e-01  1.00000e-01  0.00000e+00  0.00000e+00  0.00000e+00
0893  3.70605e-01  1.25000e-01  1.00000e-01  0.00000e+00  0.00000e+00  0.00000e+00
0894  3.71582e-01  1.25000e-01  1.00000e-01  0.00000e+00  0.00000e+00  0.00000e+00
0895  3.72559e-01  1.25000e-01  1.00000e-01  0.00000e+00  0.00000e+00  0.00000e+00
0896  3.73535e-01  1.25000e-01  1.00000e-01  0.00000e+00  0.00000e+00  0.00000e+00
0897  3.74512e-01  1.25000e-01  1.00000e-01  0.00000e+00  0.00000e+00  0.00000e+00
0898  3.75488e-01  1.25000e-01  1.00000e-01  0.00000e+00  0.00000e+00  0.00000e+00
0899  3.76465e-01  1.25000e-01  1.00000e-01  0.00000e+00  0.00000e+00  0.00000e+00
0900  3.77441e-01  1.25000e-01  1.00000e-01  0.00000e+00  0.00000e+00  0.00000e+00
0901  3.78418e-01  1.25000e-01  1.00000e-01  0.00000e+00  0.00000e+00  0.00000e+00
0902  3.79395e-01  1.25000e-01  1.00000e-01  0.00000e+00  0.00000e+00  0.00000e+00
0903  3.80371e-01  1.25000e-01  1.00000e-01  0.00000e+00  0.00000e+00  0.00000e+00
0904  3.81348e-01  1.25000e-01  1.00000e-01  0.00000e+00  0.00000e+00  0.00000e+00
0905  3.82324e-01  1.25000e-01  1.00000e-01  0.00000e+00  0.00000e+00  0.00000e+00
0906  3.83301e-01  1.25000e-01  1.00000e-01  0.00000e+00  0.00000e+00  0.00000e+00
0907  3.84277e-01  1.25000e-01  1.00000e-01  0.00000e+00  0.00000e+00  0.00000e+00
0908  3.85254e-01  1.25000e-01  1.00000e-01  0.00000e+00  0.00000e+00  0.00000e+00
0909  3.86230e-01  1.25000e-01  1.00000e-01  0.00000e+00  0.00000e+00  0.00000e+00
0910  3.87207e-01  1.25000e-01  1.00000e-01  0.00000e+00  0.00000e+00  0.00000e+00
0911  3.88184e-01  1.25000e-01  1.00000e-01  0.00000e+00  0.00000e+00  0.00000e+00
0912  3.89160e-01  1.25000e-01  1.00000e-01  0.00000e+00  0.00000e+00  0.00000e+00
0913  3.90137e-01  1.25000e-01  1.00000e-01  0.00000e+00  0.00000e+00  0.00000e+00
0914  3.91113e-01  1.25000e-01  1.00000e-01  0.00000e+00  0.00000e+00  0.00000e+00
0915  3.92090e-01  1.25000e-01  1.00000e-01  0.00000e+00  0.00000e+00  0.00000e+00
0916  3.93066e-01  1.25000e-01  1.00000e-01  0.00000e+00  0.00000e+00  0.00000e+00
0917  3.94043e-01  1.25000e-01  1.00000e-01  0.00000e+00  0.00000e+00  0.00000e+00
0918  3.95020e-01  1.25000e-01  1.00000e-01  0.00000e+00  0.00000e+00  0.00000e+00
0919  3.95996e-01  1.25000e-01  1.00000e-01  0.00000e+00  0.00000e+00  0.00000e+00
0920  3.96973e-01  1.25000e-01  1.00000e-01  0.00000e+00  0.00000e+00  0.00000e+00
0921  3.97949e-01  1.25000e-01  1.00000e-01  0.00000e+00  0.00000e+00  0.00000e+00
0922  3.98926e-01  1.25000e-01  1.00000e-01  0.00000e+00  0.00000e+00  0.00000e+00
0923  3.99902e-01  1.25000e-01  1.00000e-01  0.00000e+00  0.00000e+00  0.00000e+00
0924  4.00879e-01  1.25000e-01  1.00000e-01  0.00000e+00  0.00000e+00  0.00000e+00
0925  4.01855e-01  1.25000e-01  1.00000e-01  0.00000e+00  0.00000e+00  0.00000e+00
0926  4.02832e-01  1.25000e-01  1.00000e-01  0.00000e+00  0.00000e+00  0.00000e+00
0927  4.03809e-01  1.25000e-01  1.00000e-01  0.00000e+00  0.00000e+00  0.00000e+00
0928  4.04785e-01  1.25000e-01  1.00000e-01  0.00000e+00  0.00000e+00  0.00000e+00
0929  4.05762e-01  1.25000e-01  1.00000e-01  0.00000e+00  0.00000e+00  0.00000e+00
0930  4.06738e-01  1.25000e-01  1.00000e-01  0.00000e+00  0.00000e+00  0.00000e+00
0931  4.07715e-01  1.25000e-01  1.00000e-01  0.00000e+00  0.00000e+00  0.00000e+00
0932  4.08691e-01  1.25000e-01  1.00000e-01  0.00000e+00  0.00000e+00  0.00000e+00
0933  4.09668e-01  1.25000e-01  1.00000e-01  0.00000e+00  0.00000e+00  0.00000e+00
0934  4.10645e-01  1.25000e-01  1.00000e-01  0.00000e+00  0.00000e+00  0.00000e+00
0935  4.11621e-01  1.25000e-01  1.00000e-01  0.00000e+00  0.00000e+00  0.00000e+00
0936  4.12598e-01  1.25000e-01  1.00000e-01  0.00000e+00  0.00000e+00  0.00000e+00
0937  4.13574e-01  1.25000e-01  1.00000e-01  0.00000e+00  0.00000e+00  0.00000e+00
0938  4.14551e-01  1.25000e-01  1.00000e-01  0.00000e+00  0.00000e+00  0.00000e+00
0939  4.15527e-01  1.25000e-01  1.00000e-01  0.00000e+00  0.00000e+00  0.00000e+00
0940  4.16504e-01  1.25000e-01  1.00000e-01  0.00000e+00  0.00000e+00  0.00000e+00
0941  4.17480e-01  1.25000e-01  1.00000e-01  0.00000e+00  0.00000e+00  0.00000e+00
0942  4.18457e-01  1.25000e-01  1.00000e-01  0.00000e+00  0.00000e+00  0.00000e+00
0943  4.19434e-01  1.25000e-01  1.00000e-01  0.00000e+00  0.00000e+00  0.00000e+00
0944  4.20410e-01  1.25000e-01  1.00000e-01  0.00000e+00  0.00000e+00  0.00000e+00
0945  4.21387e-01  1.25000e-01  1.00000e-01  0.00000e+00  0.00000e+00  0.00000e+00
0946  4.22363e-01  1.25000e-01  1.00000e-01  0.00000e+00  0.00000e+00  0.00000e+00
0947  4.23340e-01  1.25000e-01  1.00000e-01  0.00000e+00  0.00000e+00  0.00000e+00
0948  4.24316e-01  1.25000e-01  1.00000e-01  0.00000e+00  0.00000e+00  0.00000e+00
0949  4.25293e-01  1.25000e-01  1.00000e-01  0.00000e+00  0.00000e+00  0.00000e+00
0950  4.26270e-01  1.25000e-01  1.00000e-01  0.00000e+00  0.00000e+00  0.00000e+00
0951  4.27246e-01  1.25000e-01  1.00000e-01  0.00000e+00  0.00000e+00  0.00000e+00
0952  4.28223e-01  1.25000e-01  1.00000e-01  0.00000e+00  0.00000e+00  0.00000e+00
0953  4.29199e-01  1.25000e-01  1.00000e-01  0.00000e+00  0.00000e+00  0.00000e+00
0954  4.30176e-01  1.25000e-01  1.00000e-01  0.00000e+00  0.00000e+00  0.00000e+00
0955  4.31152e-01  1.25000e-01  1.00000e-01  0.00000e+00  0.00000e+00  0.00000e+00
0956  4.32129e-01  1.25000e-01  1.00000e-01  0.00000e+00  0.00000e+00  0.00000e+00
0957  4.33105e-01  1.25000e-01  1.00000e-01  0.00000e+00  0.00000e+00  0.00000e+00
0958  4.34082e-01  1.25000e-01  1.00000e-01  0.00000e+00  0.00000e+00  0.00000e+00
0959  4.35059e-01  1.25000e-01  1.00000e-01  0.00000e+00  0.00000e+00  0.00000e+00
0960  4.36035e-01  1.25000e-01  1.00000e-01  0.00000e+00  0.00000e+00  0.00000e+00
0961  4.37012e-01  1.25000e-01  1.00000e-01  0.00000e+00  0.00000e+00  0.00000e+00
0962  4.37988e-01  1.25000e-01  1.00000e-01  0.00000e+00  0.00000e+00  0.00000e+00
0963  4.38965e-01  1.25000e-01  1.00000e-01  0.00000e+00  0.00000e+00  0.00000e+00
0964  4.39941e-01  1.25000e-01  1.00000e-01  0.00000e+00  0.00000e+00  0.00000e+00
0965  4.40918e-01  1.25000e-01  1.00000e-01  0.00000e+00  0.00000e+00  0.00000e+00
0966  4.41895e-01  1.25000e-01  1.00000e-01  0.00000e+00  0.00000e+00  0.00000e+00
0967  4.42871e-01  1.25000e-01  1.00000e-01  0.00000e+00  0.00000e+00  0.00000e+00
0968  4.43848e-01  1.25000e-01  1.00000e-01  0.00000e+00  0.00000e+00  0.00000e+00
0969  4.44824e-01  1.25000e-01  1.00000e-01  0.00000e+00  0.00000e+00  0.00000e+00
0970  4.45801e-01  1.25000e-01  1.00000e-01  0.00000e+00  0.00000e+00  0.00000e+00
0971  4.46777e-01  1.25000e-01  1.00000e-01  0.00000e+00  0.00000e+00  0.00000e+00
0972  4.47754e-01  1.25000e-01  1.00000e-01  0.00000e+00  0.00000e+00  0.00000e+00
0973  4.48730e-01  1.25000e-01  1.00000e-01  0.00000e+00  0.00000e+00  0.00000e+00
0974  4.49707e-01  1.25000e-01  1.00000e-01  0.00000e+00  0.00000e+00  0.00000e+00
0975  4.50684e-01  1.25000e-01  1.00000e-01  0.00000e+00  0.00000e+00  0.00000e+00
0976  4.51660e-01  1.25000e-01  1.00000e-01  0.00000e+00  0.00000e+00  0.00000e+00
0977  4.52637e-01  1.25000e-01  1.00000e-01  0.00000e+00  0.00000e+00  0.00000e+00
0978  4.53613e-01  1.25000e-01  1.00000e-01  0.00000e+00  0.00000e+00  0.00000e+00
0979  4.54590e-01  1.25000e-01  1.00000e-01  0.00000e+00  0.00000e+00  0.00000e+00
0980  4.55566e-01  1.25000e-01  1.00000e-01  0.00000e+00  0.00000e+00  0.00000e+00
0981  4.56543e-01  1.25000e-01  1.00000e-01  0.00000e+00  0.00000e+00  0.00000e+00
0982  4.57520e-01  1.25000e-01  1.00000e-01  0.00000e+00  0.00000e+00  0.00000e+00
0983  4.58496e-01  1.25000e-01  1.00000e-01  0.00000e+00  0.00000e+00  0.00000e+00
0984  4.59473e-01  1.25000e-01  1.00000e-01  0.00000e+00  0.00000e+00  0.00000e+00
0985  4.60449e-01  1.25000e-01  1.00000e-01  0.00000e+00  0.00000e+00  0.00000e+00
0986  4.61426e-01  1.25000e-01  1.00000e-01  0.00000e+00  0.00000e+00  0.00000e+00
0987  4.62402e-01  1.25000e-01  1.00000e-01  0.00000e+00  0.00000e+00  0.00000e+00
0988  4.63379e-01  1.25000e-01  1.00000e-01  0.00000e+00  0.00000e+00  0.00000e+00
0989  4.64355e-01  1.25000e-01  1.00000e-01  0.00000e+00  0.00000e+00  0.00000e+00
0990  4.65332e-01  1.25000e-01  1.00000e-01  0.00000e+00  0.00000e+00  0.00000e+00
0991  4.66309e-01  1.25000e-01  1.00000e-01  0.00000e+00  0.00000e+00  0.00000e+00
0992  4.67285e-01  1.25000e-01  1.00000e-01  0.00000e+00  0.00000e+00  0.00000e+00
0993  4.68262e-01  1.25000e-01  1.00000e-01  0.00000e+00  0.00000e+00  0.00000e+00
0994  4.69238e-01  1.25000e-01  1.00000e-01  0.00000e+00  0.00000e+00  0.00000e+00
0995  4.70215e-01  1.25000e-01  1.00000e-01  0.00000e+00  0.00000e+00  0.00000e+00
0996  4.71191e-01  1.25000e-01  1.00000e-01  0.00000e+00  0.00000e+00  0.00000e+00
0997  4.72168e-01  1.25000e-01  1.00000e-01  0.00000e+00  0.00000e+00  0.00000e+00
0998  4.73145e-01  1.25000e-01  1.00000e-01  0.00000e+00  0.00000e+00  0.00000e+00
0999  4.74121e-01  1.25000e-01  1.00000e-01  0.00000e+00  0.00000e+00  0.00000e+00
1000  4.75098e-01  1.25000e-01  1.00000e-01  0.00000e+00  0.00000e+00  0.00000e+00
1001  4.76074e-01  1.25000e-01  1.00000e-01  0.00000e+00  0.00000e+00  0.00000e+00
1002  4.77051e-01  1.25000e-01  1.00000e-01  0.00000e+00  0.00000e+00  0.00000e+00
1003  4.78027e-01  1.25000e-01  1.00000e-01  0.00000e+00  0.00000e+00  0.00000e+00
1004  4.79004e-01  1.25000e-01  1.00000e-01  0.00000e+00  0.00000e+00  0.00000e+00
1005  4.79980e-01  1.25000e-01  1.00000e-01  0.00000e+00  0.00000e+00  0.00000e+00
1006  4.80957e-01  1.25000e-01  1.00000e-01  0.00000e+00  0.00000e+00  0.00000e+00
1007  4.81934e-01  1.25000e-01  1.00000e-01  0.00000e+00  0.00000e+00  0.00000e+00
1008  4.82910e-01  1.25000e-01  1.00000e-01  0.00000e+00  0.00000e+00  0.00000e+00
1009  4.83887e-01  1.25000e-01  1.00000e-01  0.00000e+00  0.00000e+00  0.00000e+00
1010  4.84863e-01  1.25000e-01  1.00000e-01  0.00000e+00  0.00000e+00  0.00000e+00
1011  4.85840e-01  1.25000e-01  1.00000e-01  0.00000e+00  0.00000e+00  0.00000e+00
1012  4.86816e-01  1.25000e-01  1.00000e-01  0.00000e+00  0.00000e+00  0.00000e+00
1013  4.87793e-01  1.25000e-01  1.00000e-01  0.00000e+00  0.00000e+00  0.00000e+00
1014  4.88770e-01  1.25000e-01  1.00000e-01  0.00000e+00  0.00000e+00  0.00000e+00
1015  4.89746e-01  1.25000e-01  1.00000e-01  0.00000e+00  0.00000e+00  0.00000e+00
1016  4.90723e-01  1.25000e-01  1.00000e-01  0.00000e+00  0.00000e+00  0.00000e+00
1017  4.91699e-01  1.25000e-01  1.00000e-01  0.00000e+00  0.00000e+00  0.00000e+00
1018  4.92676e-01  1.25000e-01  1.00000e-01  0.00000e+00  0.00000e+00  0.00000e+00
1019  4.93652e-01  1.25000e-01  1.00000e-01  0.00000e+00  0.00000e+00  0.00000e+00
1020  4.94629e-01  1.25000e-01  1.00000e-01  0.00000e+00  0.00000e+00  0.00000e+00
1021  4.95605e-01  1.25000e-01  1.00000e-01  0.00000e+00  0.00000e+00  0.00000e+00
1022  4.96582e-01  1.25000e-01  1.00000e-01  0.00000e+00  0.00000e+00  0.00000e+00
1023  4.97559e-01  1.25000e-01  1.00000e-01  0.00000e+00  0.00000e+00  0.00000e+00
1024  4.98535e-01  1.25000e-01  1.00000e-01  0.00000e+00  0.00000e+00  0.00000e+00
1025  4.99512e-01  1.25000e-01  1.00000e-01  0.00000e+00  0.00000e+00  0.00000e+00
