# Athena++ data at time=2.500000e-01  cycle=350  variables=prim 
# i       x1v         rho          press          vel1         vel2         vel3     
0002 -4.99023e-01  1.00000e+00  1.00000e+00  0.00000e+00  0.00000e+00  0.00000e+00
0003 -4.97070e-01  1.00000e+00  1.00000e+00  0.00000e+00  0.00000e+00  0.00000e+00
0004 -4.95117e-01  1.00000e+00  1.00000e+00  0.00000e+00  0.00000e+00  0.00000e+00
0005 -4.93164e-01  1.00000e+00  1.00000e+00  0.00000e+00  0.00000e+00  0.00000e+00
0006 -4.91211e-01  1.00000e+00  1.00000e+00  7.81986e-17  0.00000e+00  0.00000e+00
0007 -4.89258e-01  1.00000e+00  1.00000e+00  8.10230e-17  0.00000e+00  0.00000e+00
0008 -4.87305e-01  1.00000e+00  1.00000e+00  8.10230e-17  0.00000e+00  0.00000e+00
0009 -4.85352e-01  1.00000e+00  1.00000e+00  8.10229e-17  0.00000e+00  0.00000e+00
0010 -4.83398e-01  1.00000e+00  1.00000e+00  2.82418e-18  0.00000e+00  0.00000e+00
0011 -4.81445e-01  1.00000e+00  1.00000e+00 -2.66390e-22  0.00000e+00  0.00000e+00
0012 -4.79492e-01  1.00000e+00  1.00000e+00 -2.21762e-22  0.00000e+00  0.00000e+00
0013 -4.77539e-01  1.00000e+00  1.00000e+00 -3.44372e-22  0.00000e+00  0.00000e+00
0014 -4.75586e-01  1.00000e+00  1.00000e+00 -2.62242e-22  0.00000e+00  0.00000e+00
0015 -4.73633e-01  1.00000e+00  1.00000e+00 -2.66836e-22  0.00000e+00  0.00000e+00
0016 -4.71680e-01  1.00000e+00  1.00000e+00 -3.69003e-22  0.00000e+00  0.00000e+00
0017 -4.69727e-01  1.00000e+00  1.00000e+00 -2.67420e-22  0.00000e+00  0.00000e+00
0018 -4.67773e-01  1.00000e+00  1.00000e+00 -3.09991e-22  0.00000e+00  0.00000e+00
0019 -4.65820e-01  1.00000e+00  1.00000e+00 -3.53809e-22  0.00000e+00  0.00000e+00
0020 -4.63867e-01  1.00000e+00  1.00000e+00  7.81984e-17  0.00000e+00  0.00000e+00
0021 -4.61914e-01  1.00000e+00  1.00000e+00  8.10227e-17  0.00000e+00  0.00000e+00
0022 -4.59961e-01  1.00000e+00  1.00000e+00  8.10226e-17  0.00000e+00  0.00000e+00
0023 -4.58008e-01  1.00000e+00  1.00000e+00  8.10227e-17  0.00000e+00  0.00000e+00
0024 -4.56055e-01  1.00000e+00  1.00000e+00  8.10225e-17  0.00000e+00  0.00000e+00
0025 -4.54102e-01  1.00000e+00  1.00000e+00  2.82380e-18  0.00000e+00  0.00000e+00
0026 -4.52148e-01  1.00000e+00  1.00000e+00 -5.44061e-22  0.00000e+00  0.00000e+00
0027 -4.50195e-01  1.00000e+00  1.00000e+00 -7.19393e-22  0.00000e+00  0.00000e+00
0028 -4.48242e-01  1.00000e+00  1.00000e+00 -7.06873e-22  0.00000e+00  0.00000e+00
0029 -4.46289e-01  1.00000e+00  1.00000e+00 -5.77852e-22  0.00000e+00  0.00000e+00
0030 -4.44336e-01  1.00000e+00  1.00000e+00 -7.55733e-22  0.00000e+00  0.00000e+00
0031 -4.42383e-01  1.00000e+00  1.00000e+00 -7.18257e-22  0.00000e+00  0.00000e+00
0032 -4.40430e-01  1.00000e+00  1.00000e+00 -6.11626e-22  0.00000e+00  0.00000e+00
0033 -4.38477e-01  1.00000e+00  1.00000e+00 -8.00183e-22  0.00000e+00  0.00000e+00
0034 -4.36523e-01  1.00000e+00  1.00000e+00 -6.93549e-22  0.00000e+00  0.00000e+00
0035 -4.34570e-01  1.00000e+00  1.00000e+00 -6.60548e-22  0.00000e+00  0.00000e+00
0036 -4.32617e-01  1.00000e+00  1.00000e+00 -8.36419e-22  0.00000e+00  0.00000e+00
0037 -4.30664e-01  1.00000e+00  1.00000e+00 -6.71116e-22  0.00000e+00  0.00000e+00
0038 -4.28711e-01  1.00000e+00  1.00000e+00 -7.24739e-22  0.00000e+00  0.00000e+00
0039 -4.26758e-01  1.00000e+00  1.00000e+00 -8.41894e-22  0.00000e+00  0.00000e+00
0040 -4.24805e-01  1.00000e+00  1.00000e+00 -6.68566e-22  0.00000e+00  0.00000e+00
0041 -4.22852e-01  1.00000e+00  1.00000e+00 -7.66424e-22  0.00000e+00  0.00000e+00
0042 -4.20898e-01  1.00000e+00  1.00000e+00 -8.18274e-22  0.00000e+00  0.00000e+00
0043 -4.18945e-01  1.00000e+00  1.00000e+00 -6.47599e-22  0.00000e+00  0.00000e+00
0044 -4.16992e-01  1.00000e+00  1.00000e+00 -7.89202e-22  0.00000e+00  0.00000e+00
0045 -4.15039e-01  1.00000e+00  1.00000e+00 -8.11389e-22  0.00000e+00  0.00000e+00
0046 -4.13086e-01  1.00000e+00  1.00000e+00 -6.30002e-22  0.00000e+00  0.00000e+00
0047 -4.11133e-01  1.00000e+00  1.00000e+00 -8.17795e-22  0.00000e+00  0.00000e+00
0048 -4.09180e-01  1.00000e+00  1.00000e+00 -8.09588e-22  0.00000e+00  0.00000e+00
0049 -4.07227e-01  1.00000e+00  1.00000e+00 -6.49536e-22  0.00000e+00  0.00000e+00
0050 -4.05273e-01  1.00000e+00  1.00000e+00 -8.55839e-22  0.00000e+00  0.00000e+00
0051 -4.03320e-01  1.00000e+00  1.00000e+00 -8.17153e-22  0.00000e+00  0.00000e+00
0052 -4.01367e-01  1.00000e+00  1.00000e+00 -6.96265e-22  0.00000e+00  0.00000e+00
0053 -3.99414e-01  1.00000e+00  1.00000e+00 -9.11033e-22  0.00000e+00  0.00000e+00
0054 -3.97461e-01  1.00000e+00  1.00000e+00 -8.10277e-22  0.00000e+00  0.00000e+00
0055 -3.95508e-01  1.00000e+00  1.00000e+00 -7.56652e-22  0.00000e+00  0.00000e+00
0056 -3.93555e-01  1.00000e+00  1.00000e+00 -9.61707e-22  0.00000e+00  0.00000e+00
0057 -3.91602e-01  1.00000e+00  1.00000e+00 -7.78812e-22  0.00000e+00  0.00000e+00
0058 -3.89648e-01  1.00000e+00  1.00000e+00 -8.33355e-22  0.00000e+00  0.00000e+00
0059 -3.87695e-01  1.00000e+00  1.00000e+00 -9.72826e-22  0.00000e+00  0.00000e+00
0060 -3.85742e-01  1.00000e+00  1.00000e+00 -7.76102e-22  0.00000e+00  0.00000e+00
0061 -3.83789e-01  1.00000e+00  1.00000e+00 -8.83495e-22  0.00000e+00  0.00000e+00
0062 -3.81836e-01  1.00000e+00  1.00000e+00  8.10220e-17  0.00000e+00  0.00000e+00
0063 -3.79883e-01  1.00000e+00  1.00000e+00 -7.71603e-22  0.00000e+00  0.00000e+00
0064 -3.77930e-01  1.00000e+00  1.00000e+00  8.10219e-17  0.00000e+00  0.00000e+00
0065 -3.75977e-01  1.00000e+00  1.00000e+00 -1.11979e-21  0.00000e+00  0.00000e+00
0066 -3.74023e-01  1.00000e+00  1.00000e+00  8.10220e-17  0.00000e+00  0.00000e+00
0067 -3.72070e-01  1.00000e+00  1.00000e+00  7.81974e-17  0.00000e+00  0.00000e+00
0068 -3.70117e-01  1.00000e+00  1.00000e+00  8.10215e-17  0.00000e+00  0.00000e+00
0069 -3.68164e-01  1.00000e+00  1.00000e+00  8.10219e-17  0.00000e+00  0.00000e+00
0070 -3.66211e-01  1.00000e+00  1.00000e+00  2.82266e-18  0.00000e+00  0.00000e+00
0071 -3.64258e-01  1.00000e+00  1.00000e+00  8.10212e-17  0.00000e+00  0.00000e+00
0072 -3.62305e-01  1.00000e+00  1.00000e+00  7.81967e-17  0.00000e+00  0.00000e+00
0073 -3.60352e-01  1.00000e+00  1.00000e+00  2.82254e-18  0.00000e+00  0.00000e+00
0074 -3.58398e-01  1.00000e+00  1.00000e+00  1.59219e-16  0.00000e+00  0.00000e+00
0075 -3.56445e-01  1.00000e+00  1.00000e+00  4.05095e-17  0.00000e+00  0.00000e+00
0076 -3.54492e-01  1.00000e+00  1.00000e+00  4.19209e-17  0.00000e+00  0.00000e+00
0077 -3.52539e-01  1.00000e+00  1.00000e+00  5.97785e-16  0.00000e+00  0.00000e+00
0078 -3.50586e-01  1.00000e+00  1.00000e+00  2.15373e-15  0.00000e+00  0.00000e+00
0079 -3.48633e-01  1.00000e+00  1.00000e+00  9.19858e-15  0.00000e+00  0.00000e+00
0080 -3.46680e-01  1.00000e+00  1.00000e+00  4.11409e-14  0.00000e+00  0.00000e+00
0081 -3.44727e-01  1.00000e+00  1.00000e+00  1.80291e-13  0.00000e+00  0.00000e+00
0082 -3.42773e-01  1.00000e+00  1.00000e+00  7.69966e-13  0.00000e+00  0.00000e+00
0083 -3.40820e-01  1.00000e+00  1.00000e+00  3.21639e-12  0.00000e+00  0.00000e+00
0084 -3.38867e-01  1.00000e+00  1.00000e+00  1.31082e-11  0.00000e+00  0.00000e+00
0085 -3.36914e-01  1.00000e+00  1.00000e+00  5.20474e-11  0.00000e+00  0.00000e+00
0086 -3.34961e-01  1.00000e+00  1.00000e+00  2.01157e-10  0.00000e+00  0.00000e+00
0087 -3.33008e-01  1.00000e+00  1.00000e+00  7.55867e-10  0.00000e+00  0.00000e+00
0088 -3.31055e-01  1.00000e+00  1.00000e+00  2.75760e-09  0.00000e+00  0.00000e+00
0089 -3.29102e-01  1.00000e+00  1.00000e+00  9.75193e-09  0.00000e+00  0.00000e+00
0090 -3.27148e-01  1.00000e+00  1.00000e+00  3.33667e-08  0.00000e+00  0.00000e+00
0091 -3.25195e-01  1.00000e+00  1.00000e+00  1.10219e-07  0.00000e+00  0.00000e+00
0092 -3.23242e-01  1.00000e+00  1.00000e+00  3.50623e-07  0.00000e+00  0.00000e+00
0093 -3.21289e-01  9.99999e-01  9.99999e-01  1.07106e-06  0.00000e+00  0.00000e+00
0094 -3.19336e-01  9.99997e-01  9.99996e-01  3.13164e-06  0.00000e+00  0.00000e+00
0095 -3.17383e-01  9.99993e-01  9.99990e-01  8.73236e-06  0.00000e+00  0.00000e+00
0096 -3.15430e-01  9.99980e-01  9.99973e-01  2.31301e-05  0.00000e+00  0.00000e+00
0097 -3.13477e-01  9.99951e-01  9.99931e-01  5.79549e-05  0.00000e+00  0.00000e+00
0098 -3.11523e-01  9.99884e-01  9.99838e-01  1.36786e-04  0.00000e+00  0.00000e+00
0099 -3.09570e-01  9.99744e-01  9.99642e-01  3.02912e-04  0.00000e+00  0.00000e+00
0100 -3.07617e-01  9.99470e-01  9.99258e-01  6.27302e-04  0.00000e+00  0.00000e+00
0101 -3.05664e-01  9.98976e-01  9.98567e-01  1.21217e-03  0.00000e+00  0.00000e+00
0102 -3.03711e-01  9.98155e-01  9.97419e-01  2.18416e-03  0.00000e+00  0.00000e+00
0103 -3.01758e-01  9.96899e-01  9.95661e-01  3.67411e-03  0.00000e+00  0.00000e+00
0104 -2.99805e-01  9.95118e-01  9.93172e-01  5.78801e-03  0.00000e+00  0.00000e+00
0105 -2.97852e-01  9.92769e-01  9.89891e-01  8.58098e-03  0.00000e+00  0.00000e+00
0106 -2.95898e-01  9.89860e-01  9.85834e-01  1.20465e-02  0.00000e+00  0.00000e+00
0107 -2.93945e-01  9.86447e-01  9.81077e-01  1.61248e-02  0.00000e+00  0.00000e+00
0108 -2.91992e-01  9.82608e-01  9.75738e-01  2.07233e-02  0.00000e+00  0.00000e+00
0109 -2.90039e-01  9.78435e-01  9.69941e-01  2.57396e-02  0.00000e+00  0.00000e+00
0110 -2.88086e-01  9.74009e-01  9.63804e-01  3.10786e-02  0.00000e+00  0.00000e+00
0111 -2.86133e-01  9.69399e-01  9.57423e-01  3.66609e-02  0.00000e+00  0.00000e+00
0112 -2.84180e-01  9.64656e-01  9.50872e-01  4.24246e-02  0.00000e+00  0.00000e+00
0113 -2.82227e-01  9.59822e-01  9.44207e-01  4.83242e-02  0.00000e+00  0.00000e+00
0114 -2.80273e-01  9.54923e-01  9.37467e-01  5.43264e-02  0.00000e+00  0.00000e+00
0115 -2.78320e-01  9.49980e-01  9.30681e-01  6.04076e-02  0.00000e+00  0.00000e+00
0116 -2.76367e-01  9.45007e-01  9.23868e-01  6.65507e-02  0.00000e+00  0.00000e+00
0117 -2.74414e-01  9.40016e-01  9.17043e-01  7.27433e-02  0.00000e+00  0.00000e+00
0118 -2.72461e-01  9.35013e-01  9.10218e-01  7.89763e-02  0.00000e+00  0.00000e+00
0119 -2.70508e-01  9.30005e-01  9.03400e-01  8.52426e-02  0.00000e+00  0.00000e+00
0120 -2.68555e-01  9.24996e-01  8.96595e-01  9.15369e-02  0.00000e+00  0.00000e+00
0121 -2.66602e-01  9.19990e-01  8.89809e-01  9.78550e-02  0.00000e+00  0.00000e+00
0122 -2.64648e-01  9.14990e-01  8.83046e-01  1.04194e-01  0.00000e+00  0.00000e+00
0123 -2.62695e-01  9.09998e-01  8.76308e-01  1.10550e-01  0.00000e+00  0.00000e+00
0124 -2.60742e-01  9.05015e-01  8.69598e-01  1.16921e-01  0.00000e+00  0.00000e+00
0125 -2.58789e-01  9.00044e-01  8.62918e-01  1.23306e-01  0.00000e+00  0.00000e+00
0126 -2.56836e-01  8.95085e-01  8.56269e-01  1.29703e-01  0.00000e+00  0.00000e+00
0127 -2.54883e-01  8.90140e-01  8.49654e-01  1.36111e-01  0.00000e+00  0.00000e+00
0128 -2.52930e-01  8.85210e-01  8.43073e-01  1.42528e-01  0.00000e+00  0.00000e+00
0129 -2.50977e-01  8.80295e-01  8.36527e-01  1.48954e-01  0.00000e+00  0.00000e+00
0130 -2.49023e-01  8.75396e-01  8.30016e-01  1.55387e-01  0.00000e+00  0.00000e+00
0131 -2.47070e-01  8.70514e-01  8.23543e-01  1.61828e-01  0.00000e+00  0.00000e+00
0132 -2.45117e-01  8.65648e-01  8.17106e-01  1.68274e-01  0.00000e+00  0.00000e+00
0133 -2.43164e-01  8.60801e-01  8.10707e-01  1.74726e-01  0.00000e+00  0.00000e+00
0134 -2.41211e-01  8.55971e-01  8.04346e-01  1.81184e-01  0.00000e+00  0.00000e+00
0135 -2.39258e-01  8.51159e-01  7.98023e-01  1.87646e-01  0.00000e+00  0.00000e+00
0136 -2.37305e-01  8.46366e-01  7.91738e-01  1.94113e-01  0.00000e+00  0.00000e+00
0137 -2.35352e-01  8.41591e-01  7.85492e-01  2.00583e-01  0.00000e+00  0.00000e+00
0138 -2.33398e-01  8.36835e-01  7.79285e-01  2.07057e-01  0.00000e+00  0.00000e+00
0139 -2.31445e-01  8.32099e-01  7.73117e-01  2.13535e-01  0.00000e+00  0.00000e+00
0140 -2.29492e-01  8.27381e-01  7.66987e-01  2.20016e-01  0.00000e+00  0.00000e+00
0141 -2.27539e-01  8.22683e-01  7.60897e-01  2.26499e-01  0.00000e+00  0.00000e+00
0142 -2.25586e-01  8.18005e-01  7.54846e-01  2.32986e-01  0.00000e+00  0.00000e+00
0143 -2.23633e-01  8.13345e-01  7.48833e-01  2.39474e-01  0.00000e+00  0.00000e+00
0144 -2.21680e-01  8.08706e-01  7.42860e-01  2.45965e-01  0.00000e+00  0.00000e+00
0145 -2.19727e-01  8.04086e-01  7.36926e-01  2.52458e-01  0.00000e+00  0.00000e+00
0146 -2.17773e-01  7.99486e-01  7.31030e-01  2.58954e-01  0.00000e+00  0.00000e+00
0147 -2.15820e-01  7.94906e-01  7.25174e-01  2.65450e-01  0.00000e+00  0.00000e+00
0148 -2.13867e-01  7.90346e-01  7.19356e-01  2.71949e-01  0.00000e+00  0.00000e+00
0149 -2.11914e-01  7.85805e-01  7.13577e-01  2.78449e-01  0.00000e+00  0.00000e+00
0150 -2.09961e-01  7.81284e-01  7.07836e-01  2.84951e-01  0.00000e+00  0.00000e+00
0151 -2.08008e-01  7.76784e-01  7.02134e-01  2.91454e-01  0.00000e+00  0.00000e+00
0152 -2.06055e-01  7.72303e-01  6.96470e-01  2.97958e-01  0.00000e+00  0.00000e+00
0153 -2.04102e-01  7.67842e-01  6.90845e-01  3.04463e-01  0.00000e+00  0.00000e+00
0154 -2.02148e-01  7.63401e-01  6.85257e-01  3.10969e-01  0.00000e+00  0.00000e+00
0155 -2.00195e-01  7.58980e-01  6.79708e-01  3.17477e-01  0.00000e+00  0.00000e+00
0156 -1.98242e-01  7.54579e-01  6.74196e-01  3.23985e-01  0.00000e+00  0.00000e+00
0157 -1.96289e-01  7.50198e-01  6.68722e-01  3.30494e-01  0.00000e+00  0.00000e+00
0158 -1.94336e-01  7.45836e-01  6.63286e-01  3.37004e-01  0.00000e+00  0.00000e+00
0159 -1.92383e-01  7.41495e-01  6.57887e-01  3.43514e-01  0.00000e+00  0.00000e+00
0160 -1.90430e-01  7.37173e-01  6.52525e-01  3.50025e-01  0.00000e+00  0.00000e+00
0161 -1.88477e-01  7.32871e-01  6.47200e-01  3.56537e-01  0.00000e+00  0.00000e+00
0162 -1.86523e-01  7.28589e-01  6.41912e-01  3.63049e-01  0.00000e+00  0.00000e+00
0163 -1.84570e-01  7.24327e-01  6.36661e-01  3.69561e-01  0.00000e+00  0.00000e+00
0164 -1.82617e-01  7.20084e-01  6.31446e-01  3.76074e-01  0.00000e+00  0.00000e+00
0165 -1.80664e-01  7.15861e-01  6.26267e-01  3.82588e-01  0.00000e+00  0.00000e+00
0166 -1.78711e-01  7.11658e-01  6.21125e-01  3.89101e-01  0.00000e+00  0.00000e+00
0167 -1.76758e-01  7.07474e-01  6.16019e-01  3.95615e-01  0.00000e+00  0.00000e+00
0168 -1.74805e-01  7.03310e-01  6.10949e-01  4.02129e-01  0.00000e+00  0.00000e+00
0169 -1.72852e-01  6.99165e-01  6.05914e-01  4.08644e-01  0.00000e+00  0.00000e+00
0170 -1.70898e-01  6.95040e-01  6.00915e-01  4.15158e-01  0.00000e+00  0.00000e+00
0171 -1.68945e-01  6.90934e-01  5.95952e-01  4.21673e-01  0.00000e+00  0.00000e+00
0172 -1.66992e-01  6.86848e-01  5.91023e-01  4.28187e-01  0.00000e+00  0.00000e+00
0173 -1.65039e-01  6.82781e-01  5.86129e-01  4.34702e-01  0.00000e+00  0.00000e+00
0174 -1.63086e-01  6.78733e-01  5.81270e-01  4.41216e-01  0.00000e+00  0.00000e+00
0175 -1.61133e-01  6.74705e-01  5.76446e-01  4.47731e-01  0.00000e+00  0.00000e+00
0176 -1.59180e-01  6.70695e-01  5.71656e-01  4.54245e-01  0.00000e+00  0.00000e+00
0177 -1.57227e-01  6.66705e-01  5.66901e-01  4.60760e-01  0.00000e+00  0.00000e+00
0178 -1.55273e-01  6.62734e-01  5.62179e-01  4.67274e-01  0.00000e+00  0.00000e+00
0179 -1.53320e-01  6.58782e-01  5.57491e-01  4.73788e-01  0.00000e+00  0.00000e+00
0180 -1.51367e-01  6.54849e-01  5.52837e-01  4.80302e-01  0.00000e+00  0.00000e+00
0181 -1.49414e-01  6.50935e-01  5.48217e-01  4.86815e-01  0.00000e+00  0.00000e+00
0182 -1.47461e-01  6.47040e-01  5.43629e-01  4.93329e-01  0.00000e+00  0.00000e+00
0183 -1.45508e-01  6.43164e-01  5.39075e-01  4.99842e-01  0.00000e+00  0.00000e+00
0184 -1.43555e-01  6.39306e-01  5.34554e-01  5.06355e-01  0.00000e+00  0.00000e+00
0185 -1.41602e-01  6.35467e-01  5.30066e-01  5.12867e-01  0.00000e+00  0.00000e+00
0186 -1.39648e-01  6.31647e-01  5.25610e-01  5.19379e-01  0.00000e+00  0.00000e+00
0187 -1.37695e-01  6.27846e-01  5.21187e-01  5.25891e-01  0.00000e+00  0.00000e+00
0188 -1.35742e-01  6.24063e-01  5.16796e-01  5.32402e-01  0.00000e+00  0.00000e+00
0189 -1.33789e-01  6.20298e-01  5.12436e-01  5.38913e-01  0.00000e+00  0.00000e+00
0190 -1.31836e-01  6.16552e-01  5.08109e-01  5.45424e-01  0.00000e+00  0.00000e+00
0191 -1.29883e-01  6.12825e-01  5.03814e-01  5.51934e-01  0.00000e+00  0.00000e+00
0192 -1.27930e-01  6.09115e-01  4.99549e-01  5.58443e-01  0.00000e+00  0.00000e+00
0193 -1.25977e-01  6.05424e-01  4.95317e-01  5.64952e-01  0.00000e+00  0.00000e+00
0194 -1.24023e-01  6.01752e-01  4.91115e-01  5.71460e-01  0.00000e+00  0.00000e+00
0195 -1.22070e-01  5.98097e-01  4.86944e-01  5.77968e-01  0.00000e+00  0.00000e+00
0196 -1.20117e-01  5.94461e-01  4.82805e-01  5.84475e-01  0.00000e+00  0.00000e+00
0197 -1.18164e-01  5.90842e-01  4.78695e-01  5.90982e-01  0.00000e+00  0.00000e+00
0198 -1.16211e-01  5.87242e-01  4.74616e-01  5.97488e-01  0.00000e+00  0.00000e+00
0199 -1.14258e-01  5.83659e-01  4.70568e-01  6.03993e-01  0.00000e+00  0.00000e+00
0200 -1.12305e-01  5.80095e-01  4.66549e-01  6.10497e-01  0.00000e+00  0.00000e+00
0201 -1.10352e-01  5.76548e-01  4.62561e-01  6.17001e-01  0.00000e+00  0.00000e+00
0202 -1.08398e-01  5.73019e-01  4.58602e-01  6.23504e-01  0.00000e+00  0.00000e+00
0203 -1.06445e-01  5.69508e-01  4.54672e-01  6.30006e-01  0.00000e+00  0.00000e+00
0204 -1.04492e-01  5.66014e-01  4.50772e-01  6.36508e-01  0.00000e+00  0.00000e+00
0205 -1.02539e-01  5.62538e-01  4.46902e-01  6.43008e-01  0.00000e+00  0.00000e+00
0206 -1.00586e-01  5.59080e-01  4.43060e-01  6.49508e-01  0.00000e+00  0.00000e+00
0207 -9.86328e-02  5.55639e-01  4.39247e-01  6.56006e-01  0.00000e+00  0.00000e+00
0208 -9.66797e-02  5.52216e-01  4.35463e-01  6.62504e-01  0.00000e+00  0.00000e+00
0209 -9.47266e-02  5.48810e-01  4.31707e-01  6.69001e-01  0.00000e+00  0.00000e+00
0210 -9.27734e-02  5.45422e-01  4.27980e-01  6.75496e-01  0.00000e+00  0.00000e+00
0211 -9.08203e-02  5.42050e-01  4.24281e-01  6.81991e-01  0.00000e+00  0.00000e+00
0212 -8.88672e-02  5.38696e-01  4.20611e-01  6.88484e-01  0.00000e+00  0.00000e+00
0213 -8.69141e-02  5.35360e-01  4.16968e-01  6.94976e-01  0.00000e+00  0.00000e+00
0214 -8.49609e-02  5.32040e-01  4.13353e-01  7.01467e-01  0.00000e+00  0.00000e+00
0215 -8.30078e-02  5.28738e-01  4.09765e-01  7.07957e-01  0.00000e+00  0.00000e+00
0216 -8.10547e-02  5.25453e-01  4.06205e-01  7.14445e-01  0.00000e+00  0.00000e+00
0217 -7.91016e-02  5.22185e-01  4.02673e-01  7.20931e-01  0.00000e+00  0.00000e+00
0218 -7.71484e-02  5.18934e-01  3.99168e-01  7.27416e-01  0.00000e+00  0.00000e+00
0219 -7.51953e-02  5.15700e-01  3.95689e-01  7.33900e-01  0.00000e+00  0.00000e+00
0220 -7.32422e-02  5.12483e-01  3.92238e-01  7.40381e-01  0.00000e+00  0.00000e+00
0221 -7.12891e-02  5.09283e-01  3.88813e-01  7.46861e-01  0.00000e+00  0.00000e+00
0222 -6.93359e-02  5.06100e-01  3.85416e-01  7.53338e-01  0.00000e+00  0.00000e+00
0223 -6.73828e-02  5.02934e-01  3.82045e-01  7.59814e-01  0.00000e+00  0.00000e+00
0224 -6.54297e-02  4.99785e-01  3.78700e-01  7.66287e-01  0.00000e+00  0.00000e+00
0225 -6.34766e-02  4.96654e-01  3.75382e-01  7.72757e-01  0.00000e+00  0.00000e+00
0226 -6.15234e-02  4.93539e-01  3.72090e-01  7.79225e-01  0.00000e+00  0.00000e+00
0227 -5.95703e-02  4.90441e-01  3.68824e-01  7.85690e-01  0.00000e+00  0.00000e+00
0228 -5.76172e-02  4.87360e-01  3.65585e-01  7.92151e-01  0.00000e+00  0.00000e+00
0229 -5.56641e-02  4.84297e-01  3.62372e-01  7.98609e-01  0.00000e+00  0.00000e+00
0230 -5.37109e-02  4.81251e-01  3.59185e-01  8.05063e-01  0.00000e+00  0.00000e+00
0231 -5.17578e-02  4.78222e-01  3.56024e-01  8.11513e-01  0.00000e+00  0.00000e+00
0232 -4.98047e-02  4.75211e-01  3.52890e-01  8.17957e-01  0.00000e+00  0.00000e+00
0233 -4.78516e-02  4.72218e-01  3.49782e-01  8.24396e-01  0.00000e+00  0.00000e+00
0234 -4.58984e-02  4.69242e-01  3.46700e-01  8.30829e-01  0.00000e+00  0.00000e+00
0235 -4.39453e-02  4.66285e-01  3.43645e-01  8.37255e-01  0.00000e+00  0.00000e+00
0236 -4.19922e-02  4.63346e-01  3.40616e-01  8.43673e-01  0.00000e+00  0.00000e+00
0237 -4.00391e-02  4.60427e-01  3.37615e-01  8.50082e-01  0.00000e+00  0.00000e+00
0238 -3.80859e-02  4.57527e-01  3.34642e-01  8.56479e-01  0.00000e+00  0.00000e+00
0239 -3.61328e-02  4.54648e-01  3.31698e-01  8.62864e-01  0.00000e+00  0.00000e+00
0240 -3.41797e-02  4.51790e-01  3.28783e-01  8.69231e-01  0.00000e+00  0.00000e+00
0241 -3.22266e-02  4.48957e-01  3.25900e-01  8.75578e-01  0.00000e+00  0.00000e+00
0242 -3.02734e-02  4.46150e-01  3.23051e-01  8.81897e-01  0.00000e+00  0.00000e+00
0243 -2.83203e-02  4.43374e-01  3.20240e-01  8.88176e-01  0.00000e+00  0.00000e+00
0244 -2.63672e-02  4.40638e-01  3.17477e-01  8.94397e-01  0.00000e+00  0.00000e+00
0245 -2.44141e-02  4.37957e-01  3.14776e-01  9.00523e-01  0.00000e+00  0.00000e+00
0246 -2.24609e-02  4.35358e-01  3.12164e-01  9.06488e-01  0.00000e+00  0.00000e+00
0247 -2.05078e-02  4.32893e-01  3.09692e-01  9.12175e-01  0.00000e+00  0.00000e+00
0248 -1.85547e-02  4.30646e-01  3.07444e-01  9.17379e-01  0.00000e+00  0.00000e+00
0249 -1.66016e-02  4.28742e-01  3.05542e-01  9.21808e-01  0.00000e+00  0.00000e+00
0250 -1.46484e-02  4.27311e-01  3.04115e-01  9.25145e-01  0.00000e+00  0.00000e+00
0251 -1.26953e-02  4.26417e-01  3.03225e-01  9.27235e-01  0.00000e+00  0.00000e+00
0252 -1.07422e-02  4.25983e-01  3.02793e-01  9.28249e-01  0.00000e+00  0.00000e+00
0253 -8.78906e-03  4.25833e-01  3.02643e-01  9.28603e-01  0.00000e+00  0.00000e+00
0254 -6.83594e-03  4.25800e-01  3.02611e-01  9.28678e-01  0.00000e+00  0.00000e+00
0255 -4.88281e-03  4.25799e-01  3.02610e-01  9.28681e-01  0.00000e+00  0.00000e+00
0256 -2.92969e-03  4.25837e-01  3.02648e-01  9.28592e-01  0.00000e+00  0.00000e+00
0257 -9.76562e-04  4.25909e-01  3.02719e-01  9.28424e-01  0.00000e+00  0.00000e+00
0258  9.76562e-04  4.25978e-01  3.02788e-01  9.28262e-01  0.00000e+00  0.00000e+00
0259  2.92969e-03  4.26037e-01  3.02846e-01  9.28125e-01  0.00000e+00  0.00000e+00
0260  4.88281e-03  4.26083e-01  3.02892e-01  9.28017e-01  0.00000e+00  0.00000e+00
0261  6.83594e-03  4.26118e-01  3.02927e-01  9.27935e-01  0.00000e+00  0.00000e+00
0262  8.78906e-03  4.26146e-01  3.02954e-01  9.27870e-01  0.00000e+00  0.00000e+00
0263  1.07422e-02  4.26167e-01  3.02976e-01  9.27820e-01  0.00000e+00  0.00000e+00
0264  1.26953e-02  4.26184e-01  3.02992e-01  9.27781e-01  0.00000e+00  0.00000e+00
0265  1.46484e-02  4.26197e-01  3.03005e-01  9.27751e-01  0.00000e+00  0.00000e+00
0266  1.66016e-02  4.26207e-01  3.03015e-01  9.27727e-01  0.00000e+00  0.00000e+00
0267  1.85547e-02  4.26216e-01  3.03024e-01  9.27707e-01  0.00000e+00  0.00000e+00
0268  2.05078e-02  4.26223e-01  3.03031e-01  9.27690e-01  0.00000e+00  0.00000e+00
0269  2.24609e-02  4.26230e-01  3.03038e-01  9.27675e-01  0.00000e+00  0.00000e+00
0270  2.44141e-02  4.26236e-01  3.03044e-01  9.27660e-01  0.00000e+00  0.00000e+00
0271  2.63672e-02  4.26242e-01  3.03050e-01  9.27646e-01  0.00000e+00  0.00000e+00
0272  2.83203e-02  4.26248e-01  3.03055e-01  9.27633e-01  0.00000e+00  0.00000e+00
0273  3.02734e-02  4.26253e-01  3.03061e-01  9.27621e-01  0.00000e+00  0.00000e+00
0274  3.22266e-02  4.26258e-01  3.03066e-01  9.27608e-01  0.00000e+00  0.00000e+00
0275  3.41797e-02  4.26264e-01  3.03071e-01  9.27596e-01  0.00000e+00  0.00000e+00
0276  3.61328e-02  4.26269e-01  3.03076e-01  9.27585e-01  0.00000e+00  0.00000e+00
0277  3.80859e-02  4.26274e-01  3.03081e-01  9.27574e-01  0.00000e+00  0.00000e+00
0278  4.00391e-02  4.26278e-01  3.03085e-01  9.27563e-01  0.00000e+00  0.00000e+00
0279  4.19922e-02  4.26282e-01  3.03089e-01  9.27553e-01  0.00000e+00  0.00000e+00
0280  4.39453e-02  4.26286e-01  3.03093e-01  9.27544e-01  0.00000e+00  0.00000e+00
0281  4.58984e-02  4.26290e-01  3.03097e-01  9.27536e-01  0.00000e+00  0.00000e+00
0282  4.78516e-02  4.26293e-01  3.03100e-01  9.27528e-01  0.00000e+00  0.00000e+00
0283  4.98047e-02  4.26296e-01  3.03103e-01  9.27521e-01  0.00000e+00  0.00000e+00
0284  5.17578e-02  4.26299e-01  3.03106e-01  9.27515e-01  0.00000e+00  0.00000e+00
0285  5.37109e-02  4.26302e-01  3.03108e-01  9.27509e-01  0.00000e+00  0.00000e+00
0286  5.56641e-02  4.26304e-01  3.03110e-01  9.27505e-01  0.00000e+00  0.00000e+00
0287  5.76172e-02  4.26306e-01  3.03112e-01  9.27500e-01  0.00000e+00  0.00000e+00
0288  5.95703e-02  4.26308e-01  3.03114e-01  9.27496e-01  0.00000e+00  0.00000e+00
0289  6.15234e-02  4.26309e-01  3.03115e-01  9.27493e-01  0.00000e+00  0.00000e+00
0290  6.34766e-02  4.26311e-01  3.03117e-01  9.27490e-01  0.00000e+00  0.00000e+00
0291  6.54297e-02  4.26312e-01  3.03118e-01  9.27487e-01  0.00000e+00  0.00000e+00
0292  6.73828e-02  4.26313e-01  3.03119e-01  9.27485e-01  0.00000e+00  0.00000e+00
0293  6.93359e-02  4.26314e-01  3.03119e-01  9.27483e-01  0.00000e+00  0.00000e+00
0294  7.12891e-02  4.26314e-01  3.03120e-01  9.27481e-01  0.00000e+00  0.00000e+00
0295  7.32422e-02  4.26315e-01  3.03121e-01  9.27480e-01  0.00000e+00  0.00000e+00
0296  7.51953e-02  4.26316e-01  3.03121e-01  9.27479e-01  0.00000e+00  0.00000e+00
0297  7.71484e-02  4.26317e-01  3.03122e-01  9.27477e-01  0.00000e+00  0.00000e+00
0298  7.91016e-02  4.26318e-01  3.03122e-01  9.27476e-01  0.00000e+00  0.00000e+00
0299  8.10547e-02  4.26318e-01  3.03123e-01  9.27476e-01  0.00000e+00  0.00000e+00
0300  8.30078e-02  4.26319e-01  3.03123e-01  9.27475e-01  0.00000e+00  0.00000e+00
0301  8.49609e-02  4.26319e-01  3.03124e-01  9.27474e-01  0.00000e+00  0.00000e+00
0302  8.69141e-02  4.26319e-01  3.03124e-01  9.27473e-01  0.00000e+00  0.00000e+00
0303  8.88672e-02  4.26319e-01  3.03124e-01  9.27473e-01  0.00000e+00  0.00000e+00
0304  9.08203e-02  4.26320e-01  3.03124e-01  9.27472e-01  0.00000e+00  0.00000e+00
0305  9.27734e-02  4.26320e-01  3.03125e-01  9.27472e-01  0.00000e+00  0.00000e+00
0306  9.47266e-02  4.26321e-01  3.03125e-01  9.27471e-01  0.00000e+00  0.00000e+00
0307  9.66797e-02  4.26322e-01  3.03125e-01  9.27471e-01  0.00000e+00  0.00000e+00
0308  9.86328e-02  4.26322e-01  3.03125e-01  9.27470e-01  0.00000e+00  0.00000e+00
0309  1.00586e-01  4.26322e-01  3.03126e-01  9.27470e-01  0.00000e+00  0.00000e+00
0310  1.02539e-01  4.26323e-01  3.03126e-01  9.27469e-01  0.00000e+00  0.00000e+00
0311  1.04492e-01  4.26323e-01  3.03126e-01  9.27469e-01  0.00000e+00  0.00000e+00
0312  1.06445e-01  4.26323e-01  3.03126e-01  9.27469e-01  0.00000e+00  0.00000e+00
0313  1.08398e-01  4.26323e-01  3.03126e-01  9.27468e-01  0.00000e+00  0.00000e+00
0314  1.10352e-01  4.26324e-01  3.03126e-01  9.27468e-01  0.00000e+00  0.00000e+00
0315  1.12305e-01  4.26324e-01  3.03127e-01  9.27468e-01  0.00000e+00  0.00000e+00
0316  1.14258e-01  4.26325e-01  3.03127e-01  9.27468e-01  0.00000e+00  0.00000e+00
0317  1.16211e-01  4.26325e-01  3.03127e-01  9.27467e-01  0.00000e+00  0.00000e+00
0318  1.18164e-01  4.26326e-01  3.03127e-01  9.27467e-01  0.00000e+00  0.00000e+00
0319  1.20117e-01  4.26326e-01  3.03127e-01  9.27467e-01  0.00000e+00  0.00000e+00
0320  1.22070e-01  4.26326e-01  3.03127e-01  9.27466e-01  0.00000e+00  0.00000e+00
0321  1.24023e-01  4.26327e-01  3.03127e-01  9.27466e-01  0.00000e+00  0.00000e+00
0322  1.25977e-01  4.26327e-01  3.03128e-01  9.27466e-01  0.00000e+00  0.00000e+00
0323  1.27930e-01  4.26328e-01  3.03128e-01  9.27466e-01  0.00000e+00  0.00000e+00
0324  1.29883e-01  4.26328e-01  3.03128e-01  9.27465e-01  0.00000e+00  0.00000e+00
0325  1.31836e-01  4.26329e-01  3.03128e-01  9.27465e-01  0.00000e+00  0.00000e+00
0326  1.33789e-01  4.26329e-01  3.03128e-01  9.27465e-01  0.00000e+00  0.00000e+00
0327  1.35742e-01  4.26330e-01  3.03128e-01  9.27465e-01  0.00000e+00  0.00000e+00
0328  1.37695e-01  4.26330e-01  3.03128e-01  9.27465e-01  0.00000e+00  0.00000e+00
0329  1.39648e-01  4.26331e-01  3.03128e-01  9.27464e-01  0.00000e+00  0.00000e+00
0330  1.41602e-01  4.26331e-01  3.03129e-01  9.27464e-01  0.00000e+00  0.00000e+00
0331  1.43555e-01  4.26332e-01  3.03129e-01  9.27464e-01  0.00000e+00  0.00000e+00
0332  1.45508e-01  4.26332e-01  3.03129e-01  9.27464e-01  0.00000e+00  0.00000e+00
0333  1.47461e-01  4.26333e-01  3.03129e-01  9.27464e-01  0.00000e+00  0.00000e+00
0334  1.49414e-01  4.26334e-01  3.03129e-01  9.27464e-01  0.00000e+00  0.00000e+00
0335  1.51367e-01  4.26335e-01  3.03129e-01  9.27463e-01  0.00000e+00  0.00000e+00
0336  1.53320e-01  4.26336e-01  3.03129e-01  9.27463e-01  0.00000e+00  0.00000e+00
0337  1.55273e-01  4.26337e-01  3.03129e-01  9.27463e-01  0.00000e+00  0.00000e+00
0338  1.57227e-01  4.26338e-01  3.03129e-01  9.27463e-01  0.00000e+00  0.00000e+00
0339  1.59180e-01  4.26338e-01  3.03130e-01  9.27463e-01  0.00000e+00  0.00000e+00
0340  1.61133e-01  4.26339e-01  3.03130e-01  9.27463e-01  0.00000e+00  0.00000e+00
0341  1.63086e-01  4.26339e-01  3.03130e-01  9.27463e-01  0.00000e+00  0.00000e+00
0342  1.65039e-01  4.26339e-01  3.03130e-01  9.27463e-01  0.00000e+00  0.00000e+00
0343  1.66992e-01  4.26340e-01  3.03130e-01  9.27463e-01  0.00000e+00  0.00000e+00
0344  1.68945e-01  4.26342e-01  3.03130e-01  9.27463e-01  0.00000e+00  0.00000e+00
0345  1.70898e-01  4.26345e-01  3.03130e-01  9.27463e-01  0.00000e+00  0.00000e+00
0346  1.72852e-01  4.26348e-01  3.03130e-01  9.27462e-01  0.00000e+00  0.00000e+00
0347  1.74805e-01  4.26350e-01  3.03130e-01  9.27462e-01  0.00000e+00  0.00000e+00
0348  1.76758e-01  4.26351e-01  3.03130e-01  9.27462e-01  0.00000e+00  0.00000e+00
0349  1.78711e-01  4.26351e-01  3.03130e-01  9.27462e-01  0.00000e+00  0.00000e+00
0350  1.80664e-01  4.26351e-01  3.03130e-01  9.27462e-01  0.00000e+00  0.00000e+00
0351  1.82617e-01  4.26350e-01  3.03130e-01  9.27462e-01  0.00000e+00  0.00000e+00
0352  1.84570e-01  4.26350e-01  3.03130e-01  9.27462e-01  0.00000e+00  0.00000e+00
0353  1.86523e-01  4.26350e-01  3.03130e-01  9.27462e-01  0.00000e+00  0.00000e+00
0354  1.88477e-01  4.26350e-01  3.03131e-01  9.27462e-01  0.00000e+00  0.00000e+00
0355  1.90430e-01  4.26350e-01  3.03131e-01  9.27462e-01  0.00000e+00  0.00000e+00
0356  1.92383e-01  4.26351e-01  3.03131e-01  9.27462e-01  0.00000e+00  0.00000e+00
0357  1.94336e-01  4.26351e-01  3.03131e-01  9.27462e-01  0.00000e+00  0.00000e+00
0358  1.96289e-01  4.26351e-01  3.03131e-01  9.27462e-01  0.00000e+00  0.00000e+00
0359  1.98242e-01  4.26351e-01  3.03131e-01  9.27462e-01  0.00000e+00  0.00000e+00
0360  2.00195e-01  4.26349e-01  3.03131e-01  9.27462e-01  0.00000e+00  0.00000e+00
0361  2.02148e-01  4.26343e-01  3.03131e-01  9.27463e-01  0.00000e+00  0.00000e+00
0362  2.04102e-01  4.26332e-01  3.03131e-01  9.27463e-01  0.00000e+00  0.00000e+00
0363  2.06055e-01  4.26313e-01  3.03131e-01  9.27463e-01  0.00000e+00  0.00000e+00
0364  2.08008e-01  4.26282e-01  3.03131e-01  9.27463e-01  0.00000e+00  0.00000e+00
0365  2.09961e-01  4.26230e-01  3.03131e-01  9.27463e-01  0.00000e+00  0.00000e+00
0366  2.11914e-01  4.26138e-01  3.03131e-01  9.27463e-01  0.00000e+00  0.00000e+00
0367  2.13867e-01  4.25961e-01  3.03131e-01  9.27463e-01  0.00000e+00  0.00000e+00
0368  2.15820e-01  4.25600e-01  3.03131e-01  9.27463e-01  0.00000e+00  0.00000e+00
0369  2.17773e-01  4.24850e-01  3.03131e-01  9.27463e-01  0.00000e+00  0.00000e+00
0370  2.19727e-01  4.23322e-01  3.03131e-01  9.27463e-01  0.00000e+00  0.00000e+00
0371  2.21680e-01  4.20329e-01  3.03131e-01  9.27463e-01  0.00000e+00  0.00000e+00
0372  2.23633e-01  4.14817e-01  3.03132e-01  9.27463e-01  0.00000e+00  0.00000e+00
0373  2.25586e-01  4.05420e-01  3.03132e-01  9.27463e-01  0.00000e+00  0.00000e+00
0374  2.27539e-01  3.90859e-01  3.03132e-01  9.27463e-01  0.00000e+00  0.00000e+00
0375  2.29492e-01  3.70750e-01  3.03132e-01  9.27463e-01  0.00000e+00  0.00000e+00
0376  2.31445e-01  3.46505e-01  3.03132e-01  9.27463e-01  0.00000e+00  0.00000e+00
0377  2.33398e-01  3.21463e-01  3.03132e-01  9.27463e-01  0.00000e+00  0.00000e+00
0378  2.35352e-01  2.99617e-01  3.03132e-01  9.27463e-01  0.00000e+00  0.00000e+00
0379  2.37305e-01  2.83626e-01  3.03132e-01  9.27463e-01  0.00000e+00  0.00000e+00
0380  2.39258e-01  2.73792e-01  3.03132e-01  9.27463e-01  0.00000e+00  0.00000e+00
0381  2.41211e-01  2.68679e-01  3.03132e-01  9.27464e-01  0.00000e+00  0.00000e+00
0382  2.43164e-01  2.66414e-01  3.03132e-01  9.27464e-01  0.00000e+00  0.00000e+00
0383  2.45117e-01  2.65561e-01  3.03132e-01  9.27464e-01  0.00000e+00  0.00000e+00
0384  2.47070e-01  2.65295e-01  3.03132e-01  9.27464e-01  0.00000e+00  0.00000e+00
0385  2.49023e-01  2.65234e-01  3.03132e-01  9.27464e-01  0.00000e+00  0.00000e+00
0386  2.50977e-01  2.65228e-01  3.03132e-01  9.27464e-01  0.00000e+00  0.00000e+00
0387  2.52930e-01  2.65230e-01  3.03132e-01  9.27464e-01  0.00000e+00  0.00000e+00
0388  2.54883e-01  2.65250e-01  3.03132e-01  9.27464e-01  0.00000e+00  0.00000e+00
0389  2.56836e-01  2.65298e-01  3.03132e-01  9.27464e-01  0.00000e+00  0.00000e+00
0390  2.58789e-01  2.65360e-01  3.03132e-01  9.27464e-01  0.00000e+00  0.00000e+00
0391  2.60742e-01  2.65417e-01  3.03132e-01  9.27464e-01  0.00000e+00  0.00000e+00
0392  2.62695e-01  2.65457e-01  3.03133e-01  9.27465e-01  0.00000e+00  0.00000e+00
0393  2.64648e-01  2.65484e-01  3.03133e-01  9.27465e-01  0.00000e+00  0.00000e+00
0394  2.66602e-01  2.65502e-01  3.03133e-01  9.27465e-01  0.00000e+00  0.00000e+00
0395  2.68555e-01  2.65516e-01  3.03133e-01  9.27465e-01  0.00000e+00  0.00000e+00
0396  2.70508e-01  2.65527e-01  3.03133e-01  9.27465e-01  0.00000e+00  0.00000e+00
0397  2.72461e-01  2.65536e-01  3.03133e-01  9.27465e-01  0.00000e+00  0.00000e+00
0398  2.74414e-01  2.65544e-01  3.03133e-01  9.27465e-01  0.00000e+00  0.00000e+00
0399  2.76367e-01  2.65549e-01  3.03133e-01  9.27465e-01  0.00000e+00  0.00000e+00
0400  2.78320e-01  2.65553e-01  3.03133e-01  9.27465e-01  0.00000e+00  0.00000e+00
0401  2.80273e-01  2.65555e-01  3.03133e-01  9.27466e-01  0.00000e+00  0.00000e+00
0402  2.82227e-01  2.65557e-01  3.03133e-01  9.27466e-01  0.00000e+00  0.00000e+00
0403  2.84180e-01  2.65558e-01  3.03133e-01  9.27466e-01  0.00000e+00  0.00000e+00
0404  2.86133e-01  2.65558e-01  3.03133e-01  9.27466e-01  0.00000e+00  0.00000e+00
0405  2.88086e-01  2.65559e-01  3.03133e-01  9.27466e-01  0.00000e+00  0.00000e+00
0406  2.90039e-01  2.65560e-01  3.03133e-01  9.27466e-01  0.00000e+00  0.00000e+00
0407  2.91992e-01  2.65561e-01  3.03133e-01  9.27466e-01  0.00000e+00  0.00000e+00
0408  2.93945e-01  2.65562e-01  3.03133e-01  9.27467e-01  0.00000e+00  0.00000e+00
0409  2.95898e-01  2.65562e-01  3.03134e-01  9.27467e-01  0.00000e+00  0.00000e+00
0410  2.97852e-01  2.65563e-01  3.03134e-01  9.27467e-01  0.00000e+00  0.00000e+00
0411  2.99805e-01  2.65564e-01  3.03134e-01  9.27467e-01  0.00000e+00  0.00000e+00
0412  3.01758e-01  2.65565e-01  3.03134e-01  9.27467e-01  0.00000e+00  0.00000e+00
0413  3.03711e-01  2.65566e-01  3.03134e-01  9.27468e-01  0.00000e+00  0.00000e+00
0414  3.05664e-01  2.65566e-01  3.03134e-01  9.27468e-01  0.00000e+00  0.00000e+00
0415  3.07617e-01  2.65567e-01  3.03134e-01  9.27468e-01  0.00000e+00  0.00000e+00
0416  3.09570e-01  2.65567e-01  3.03134e-01  9.27468e-01  0.00000e+00  0.00000e+00
0417  3.11523e-01  2.65568e-01  3.03134e-01  9.27468e-01  0.00000e+00  0.00000e+00
0418  3.13477e-01  2.65569e-01  3.03134e-01  9.27468e-01  0.00000e+00  0.00000e+00
0419  3.15430e-01  2.65569e-01  3.03134e-01  9.27469e-01  0.00000e+00  0.00000e+00
0420  3.17383e-01  2.65570e-01  3.03134e-01  9.27469e-01  0.00000e+00  0.00000e+00
0421  3.19336e-01  2.65570e-01  3.03134e-01  9.27469e-01  0.00000e+00  0.00000e+00
0422  3.21289e-01  2.65570e-01  3.03134e-01  9.27469e-01  0.00000e+00  0.00000e+00
0423  3.23242e-01  2.65571e-01  3.03135e-01  9.27470e-01  0.00000e+00  0.00000e+00
0424  3.25195e-01  2.65571e-01  3.03135e-01  9.27470e-01  0.00000e+00  0.00000e+00
0425  3.27148e-01  2.65571e-01  3.03135e-01  9.27470e-01  0.00000e+00  0.00000e+00
0426  3.29102e-01  2.65571e-01  3.03135e-01  9.27470e-01  0.00000e+00  0.00000e+00
0427  3.31055e-01  2.65572e-01  3.03135e-01  9.27471e-01  0.00000e+00  0.00000e+00
0428  3.33008e-01  2.65572e-01  3.03135e-01  9.27471e-01  0.00000e+00  0.00000e+00
0429  3.34961e-01  2.65572e-01  3.03135e-01  9.27471e-01  0.00000e+00  0.00000e+00
0430  3.36914e-01  2.65572e-01  3.03135e-01  9.27472e-01  0.00000e+00  0.00000e+00
0431  3.38867e-01  2.65572e-01  3.03135e-01  9.27472e-01  0.00000e+00  0.00000e+00
0432  3.40820e-01  2.65573e-01  3.03136e-01  9.27472e-01  0.00000e+00  0.00000e+00
0433  3.42773e-01  2.65573e-01  3.03136e-01  9.27472e-01  0.00000e+00  0.00000e+00
0434  3.44727e-01  2.65573e-01  3.03136e-01  9.27473e-01  0.00000e+00  0.00000e+00
0435  3.46680e-01  2.65573e-01  3.03136e-01  9.27473e-01  0.00000e+00  0.00000e+00
0436  3.48633e-01  2.65573e-01  3.03136e-01  9.27473e-01  0.00000e+00  0.00000e+00
0437  3.50586e-01  2.65573e-01  3.03136e-01  9.27474e-01  0.00000e+00  0.00000e+00
0438  3.52539e-01  2.65574e-01  3.03136e-01  9.27474e-01  0.00000e+00  0.00000e+00
0439  3.54492e-01  2.65574e-01  3.03136e-01  9.27474e-01  0.00000e+00  0.00000e+00
0440  3.56445e-01  2.65574e-01  3.03136e-01  9.27475e-01  0.00000e+00  0.00000e+00
0441  3.58398e-01  2.65574e-01  3.03137e-01  9.27475e-01  0.00000e+00  0.00000e+00
0442  3.60352e-01  2.65574e-01  3.03137e-01  9.27475e-01  0.00000e+00  0.00000e+00
0443  3.62305e-01  2.65574e-01  3.03137e-01  9.27476e-01  0.00000e+00  0.00000e+00
0444  3.64258e-01  2.65575e-01  3.03137e-01  9.27476e-01  0.00000e+00  0.00000e+00
0445  3.66211e-01  2.65575e-01  3.03137e-01  9.27477e-01  0.00000e+00  0.00000e+00
0446  3.68164e-01  2.65575e-01  3.03137e-01  9.27477e-01  0.00000e+00  0.00000e+00
0447  3.70117e-01  2.65575e-01  3.03138e-01  9.27478e-01  0.00000e+00  0.00000e+00
0448  3.72070e-01  2.65575e-01  3.03138e-01  9.27478e-01  0.00000e+00  0.00000e+00
0449  3.74023e-01  2.65576e-01  3.03138e-01  9.27479e-01  0.00000e+00  0.00000e+00
0450  3.75977e-01  2.65576e-01  3.03138e-01  9.27480e-01  0.00000e+00  0.00000e+00
0451  3.77930e-01  2.65576e-01  3.03138e-01  9.27480e-01  0.00000e+00  0.00000e+00
0452  3.79883e-01  2.65576e-01  3.03139e-01  9.27481e-01  0.00000e+00  0.00000e+00
0453  3.81836e-01  2.65576e-01  3.03139e-01  9.27482e-01  0.00000e+00  0.00000e+00
0454  3.83789e-01  2.65577e-01  3.03139e-01  9.27482e-01  0.00000e+00  0.00000e+00
0455  3.85742e-01  2.65577e-01  3.03139e-01  9.27483e-01  0.00000e+00  0.00000e+00
0456  3.87695e-01  2.65577e-01  3.03139e-01  9.27483e-01  0.00000e+00  0.00000e+00
0457  3.89648e-01  2.65577e-01  3.03140e-01  9.27483e-01  0.00000e+00  0.00000e+00
0458  3.91602e-01  2.65577e-01  3.03140e-01  9.27484e-01  0.00000e+00  0.00000e+00
0459  3.93555e-01  2.65577e-01  3.03140e-01  9.27484e-01  0.00000e+00  0.00000e+00
0460  3.95508e-01  2.65577e-01  3.03140e-01  9.27484e-01  0.00000e+00  0.00000e+00
0461  3.97461e-01  2.65578e-01  3.03140e-01  9.27485e-01  0.00000e+00  0.00000e+00
0462  3.99414e-01  2.65578e-01  3.03140e-01  9.27485e-01  0.00000e+00  0.00000e+00
0463  4.01367e-01  2.65578e-01  3.03141e-01  9.27486e-01  0.00000e+00  0.00000e+00
0464  4.03320e-01  2.65578e-01  3.03141e-01  9.27487e-01  0.00000e+00  0.00000e+00
0465  4.05273e-01  2.65578e-01  3.03141e-01  9.27488e-01  0.00000e+00  0.00000e+00
0466  4.07227e-01  2.65579e-01  3.03142e-01  9.27489e-01  0.00000e+00  0.00000e+00
0467  4.09180e-01  2.65579e-01  3.03142e-01  9.27491e-01  0.00000e+00  0.00000e+00
0468  4.11133e-01  2.65579e-01  3.03143e-01  9.27492e-01  0.00000e+00  0.00000e+00
0469  4.13086e-01  2.65580e-01  3.03143e-01  9.27493e-01  0.00000e+00  0.00000e+00
0470  4.15039e-01  2.65580e-01  3.03143e-01  9.27495e-01  0.00000e+00  0.00000e+00
0471  4.16992e-01  2.65580e-01  3.03144e-01  9.27496e-01  0.00000e+00  0.00000e+00
0472  4.18945e-01  2.65581e-01  3.03144e-01  9.27497e-01  0.00000e+00  0.00000e+00
0473  4.20898e-01  2.65581e-01  3.03145e-01  9.27498e-01  0.00000e+00  0.00000e+00
0474  4.22852e-01  2.65581e-01  3.03145e-01  9.27500e-01  0.00000e+00  0.00000e+00
0475  4.24805e-01  2.65582e-01  3.03146e-01  9.27502e-01  0.00000e+00  0.00000e+00
0476  4.26758e-01  2.65582e-01  3.03147e-01  9.27503e-01  0.00000e+00  0.00000e+00
0477  4.28711e-01  2.65582e-01  3.03146e-01  9.27505e-01  0.00000e+00  0.00000e+00
0478  4.30664e-01  2.65582e-01  3.03146e-01  9.27503e-01  0.00000e+00  0.00000e+00
0479  4.32617e-01  2.65563e-01  3.03116e-01  9.27415e-01  0.00000e+00  0.00000e+00
0480  4.34570e-01  2.64561e-01  3.01518e-01  9.22618e-01  0.00000e+00  0.00000e+00
0481  4.36523e-01  2.48778e-01  2.76711e-01  8.44221e-01  0.00000e+00  0.00000e+00
0482  4.38477e-01  1.91920e-01  1.90624e-01  5.16138e-01  0.00000e+00  0.00000e+00
0483  4.40430e-01  1.39044e-01  1.16886e-01  1.19352e-01  0.00000e+00  0.00000e+00
0484  4.42383e-01  1.25905e-01  1.01019e-01  7.66135e-03  0.00000e+00  0.00000e+00
0485  4.44336e-01  1.25025e-01  1.00028e-01  2.10591e-04  0.00000e+00  0.00000e+00
0486  4.46289e-01  1.25000e-01  1.00000e-01  3.48767e-06  0.00000e+00  0.00000e+00
0487  4.48242e-01  1.25000e-01  1.00000e-01  4.19972e-08  0.00000e+00  0.00000e+00
0488  4.50195e-01  1.25000e-01  1.00000e-01  3.97197e-10  0.00000e+00  0.00000e+00
0489  4.52148e-01  1.25000e-01  1.00000e-01  3.17562e-12  0.00000e+00  0.00000e+00
0490  4.54102e-01  1.25000e-01  1.00000e-01  2.35773e-14  0.00000e+00  0.00000e+00
0491  4.56055e-01  1.25000e-01  1.00000e-01  1.56397e-16  0.00000e+00  0.00000e+00
0492  4.58008e-01  1.25000e-01  1.00000e-01  0.00000e+00  0.00000e+00  0.00000e+00
0493  4.59961e-01  1.25000e-01  1.00000e-01  0.00000e+00  0.00000e+00  0.00000e+00
0494  4.61914e-01  1.25000e-01  1.00000e-01  0.00000e+00  0.00000e+00  0.00000e+00
0495  4.63867e-01  1.25000e-01  1.00000e-01  0.00000e+00  0.00000e+00  0.00000e+00
0496  4.65820e-01  1.25000e-01  1.00000e-01  0.00000e+00  0.00000e+00  0.00000e+00
0497  4.67773e-01  1.25000e-01  1.00000e-01  0.00000e+00  0.00000e+00  0.00000e+00
0498  4.69727e-01  1.25000e-01  1.00000e-01  0.00000e+00  0.00000e+00  0.00000e+00
0499  4.71680e-01  1.25000e-01  1.00000e-01  0.00000e+00  0.00000e+00  0.00000e+00
0500  4.73633e-01  1.25000e-01  1.00000e-01  0.00000e+00  0.00000e+00  0.00000e+00
0501  4.75586e-01  1.25000e-01  1.00000e-01  0.00000e+00  0.00000e+00  0.00000e+00
0502  4.77539e-01  1.25000e-01  1.00000e-01  0.00000e+00  0.00000e+00  0.00000e+00
0503  4.79492e-01  1.25000e-01  1.00000e-01  0.00000e+00  0.00000e+00  0.00000e+00
0504  4.81445e-01  1.25000e-01  1.00000e-01  0.00000e+00  0.00000e+00  0.00000e+00
0505  4.83398e-01  1.25000e-01  1.00000e-01  0.00000e+00  0.00000e+00  0.00000e+00
0506  4.85352e-01  1.25000e-01  1.00000e-01  0.00000e+00  0.00000e+00  0.00000e+00
0507  4.87305e-01  1.25000e-01  1.00000e-01  0.00000e+00  0.00000e+00  0.00000e+00
0508  4.89258e-01  1.25000e-01  1.00000e-01  0.00000e+00  0.00000e+00  0.00000e+00
0509  4.91211e-01  1.25000e-01  1.00000e-01  0.00000e+00  0.00000e+00  0.00000e+00
0510  4.93164e-01  1.25000e-01  1.00000e-01  0.00000e+00  0.00000e+00  0.00000e+00
0511  4.95117e-01  1.25000e-01  1.00000e-01  0.00000e+00  0.00000e+00  0.00000e+00
0512  4.97070e-01  1.25000e-01  1.00000e-01  0.00000e+00  0.00000e+00  0.00000e+00
0513  4.99023e-01  1.25000e-01  1.00000e-01  0.00000e+00  0.00000e+00  0.00000e+00
